astA,a	astB,b	astC,c	astD,d	astE,e	
NC_011833:
NC_002696:astD,434120,435560,1	astA,634700,635744,1	astD,635730,637149,1	astB,637145,638426,1	astC,638435,639614,1	astD,891269,894359,-1	astD,917178,918615,-1	astD,1374108,1375632,-1	astD,1449910,1451410,1	astC,1742488,1743691,1	astA,1779082,1780087,1	astD,1780083,1781541,1	astB,1781537,1782878,1	astD,2044992,2046450,-1	astC,2442021,2443239,-1	astD,2470518,2472015,-1	astD,2599041,2600505,-1	astD,2606654,2608067,-1	astD,3002889,3004476,1	astC,3371656,3373060,-1	astC,3379751,3381152,-1	astD,3381279,3382728,-1	astD,3382733,3384224,-1	astC,3385037,3386357,1	astD,3835115,3836636,1	
NC_002516:astD,147560,149054,-1	astC,149424,150771,-1	astD,247218,248709,1	astC,250230,251613,1	astD,299521,300973,1	astC,301217,302498,1	astC,336950,338321,1	astD,409503,410934,-1	astC,466832,468236,-1	astC,588923,590105,1	astD,814503,816012,-1	astD,851782,854965,1	astC,977909,979130,1	astA,979328,980345,1	astA,980356,981379,1	astD,981421,982888,1	astB,982884,984231,1	astE,984548,985547,1	astD,1113128,1114718,1	astD,2169987,2171508,1	astD,2337867,2339316,1	astD,2562446,2564072,1	astC,2694841,2696251,-1	astD,3919773,3921258,-1	astD,4002107,4003601,-1	astC,4457361,4458645,1	astD,4502270,4503791,1	astD,4551142,4552630,-1	astC,4570928,4572314,1	astD,4611012,4612473,1	astD,4685993,4687484,1	astC,5390147,5391554,-1	astD,5495820,5497290,-1	astD,5982096,5983590,-1	astC,5983819,5985154,1	astD,6049184,6050657,-1	astC,6215802,6217155,-1	
NC_000913:astC,173601,174882,-1	astD,327260,328733,-1	astC,807967,809257,-1	astD,1074919,1078882,-1	astD,1362742,1364230,1	astC,1365549,1366815,1	astD,1447518,1449018,1	astD,1451596,1453642,-1	astD,1488231,1489671,1	astD,1515577,1517002,1	astD,1613314,1614703,-1	astE,1825954,1826923,-1	astB,1826915,1828259,-1	astD,1828255,1829734,-1	astA,1829730,1830765,-1	astC,1830761,1831982,-1	astD,2791272,2792721,1	astC,2792734,2794015,1	astC,3219493,3220873,1	astC,3488959,3490180,-1	astD,3754972,3756511,-1	
NC_004347:astC,643452,644670,1	astA,644796,645816,1	astD,645825,647289,1	astD,1324098,1325547,1	astC,1325610,1326888,1	astC,1352003,1353296,-1	astD,1764512,1766012,1	astE,2445178,2446213,1	astB,2825951,2827286,1	astC,2856889,2858275,1	astD,3646150,3647647,-1	astC,3647928,3649269,1	astD,3833360,3834785,1	astD,3922308,3925488,1	astD,4669479,4671000,1	
NC_004757:
NC_003047:
NC_003062:
NC_003143:astC,1295705,1296974,-1	astD,1312610,1314083,-1	astD,1448443,1449940,1	astD,2008259,2009657,1	astD,2094663,2098635,-1	astC,2228393,2229638,1	astA,2229667,2230720,1	astD,2230716,2232234,1	astB,2232257,2233601,1	astE,2233661,2234654,1	astD,2896776,2898303,1	astC,3174549,3175863,-1	astC,3782548,3783829,1	
NC_005061:
NC_007086:
NC_004578:astD,111971,113465,1	astD,279108,280566,1	astC,282042,283347,1	astD,325764,327207,1	astC,327390,328671,1	astD,463455,464883,-1	astD,485654,487127,1	astD,777181,778702,-1	astC,824015,825362,1	astD,825455,826949,1	astD,846548,848075,1	astC,2000394,2001612,1	astA,2001745,2002777,1	astA,2002840,2003866,1	astD,2003865,2005332,1	astB,2005412,2006759,1	astE,2007119,2008127,1	astD,2053793,2055311,1	astC,2065299,2066547,-1	astD,2066811,2068302,1	astC,2320979,2322446,1	astC,2909378,2910581,1	astD,2956043,2957435,-1	astD,2968410,2969892,-1	astD,2975355,2976786,1	astD,3306018,3307467,-1	astD,3314397,3315879,-1	astD,3446031,3447549,1	astD,3948229,3949732,-1	astD,4103002,4104478,1	astC,5440260,5441544,1	astD,5704087,5708041,1	astC,5779942,5781349,1	astC,6035391,6036759,-1	astC,6125319,6128232,-1	
NC_002488:
NC_004310:
NC_002928:astD,40102,41530,-1	astD,333620,335102,1	astD,673954,675412,-1	astD,708401,709925,1	astC,793591,794833,1	astD,837393,838887,-1	astC,838918,840202,-1	astD,1079783,1081211,1	astD,1386861,1388334,1	astD,1427430,1429023,1	astD,1674444,1675941,-1	astC,1902937,1904212,1	astC,2020291,2021632,-1	astC,2024109,2025417,1	astD,2314410,2315913,-1	astD,2514427,2515897,-1	astC,2515976,2517278,-1	astC,2597121,2598492,-1	astD,2599571,2601065,-1	astC,2604676,2605951,-1	astC,2737694,2738876,-1	astD,2778756,2782578,1	astD,3009657,3011091,-1	astD,3190800,3192315,-1	astD,3399873,3401328,-1	astD,3539281,3540775,-1	astC,3972731,3974111,-1	astD,4170626,4172081,-1	astC,4258734,4260018,1	astD,4506027,4507488,-1	astC,4701382,4702573,-1	astD,4721347,4722820,1	
NC_002929:astD,211725,213156,-1	astC,320384,321668,-1	astD,360337,361798,1	astD,430104,431745,-1	astC,455585,456776,-1	astD,475531,476965,1	astC,547279,548521,-1	astC,732808,734188,-1	astD,773694,775176,1	astD,955101,956556,1	astD,1697853,1699380,1	astD,2083102,2084572,-1	astC,2084651,2085917,-1	astD,2277420,2278941,-1	astC,2286710,2287985,1	astC,2341200,2342541,1	astC,2421590,2422865,1	astD,2426475,2427969,1	astC,2429129,2430419,1	astD,2558637,2560104,-1	astD,2916700,2920522,-1	astC,3367801,3369127,1	astC,3751555,3752737,-1	astD,3836361,3837789,-1	
NC_003197:astC,237210,238491,-1	astC,858793,860083,-1	astD,1189506,1190973,1	astC,1382193,1383420,1	astA,1383410,1384445,1	astD,1384441,1385920,1	astB,1385916,1387260,1	astE,1387252,1388221,1	astD,1601182,1602571,1	astD,1686833,1688258,-1	astD,2940133,2941582,1	astC,2941596,2942880,1	astD,3288971,3290456,1	astC,3384677,3386084,1	astC,3618455,3619673,-1	astD,3867972,3869511,-1	astD,4663939,4665445,-1	astD,4774457,4775828,1	
NC_004459:astC,1300986,1302198,1	astA,1302433,1303453,1	astD,1303467,1304928,1	astC,1657715,1659011,-1	astD,2150747,2152232,1	astE,2845610,2846639,-1	astC,3007161,3008451,1	astC,3117066,3119946,-1	
NC_004917:
NC_004603:astC,215352,216672,1	astC,659820,661152,1	astC,1171421,1172702,-1	astE,1390396,1391425,1	astD,1812872,1814393,-1	astC,1834273,1835539,-1	astC,1886932,1888204,-1	astD,1888218,1889664,-1	astD,1893370,1894480,-1	astC,2030590,2033467,-1	astC,2601196,2602492,1	astD,2773652,2775086,-1	astD,2958638,2960096,-1	astA,2960124,2961144,-1	astC,2961253,2962465,-1	
NC_000907:
NC_002163:
NC_003295:astD,32579,34073,-1	astC,34077,35358,-1	astC,95112,96465,1	astC,178652,179879,-1	astD,180942,182454,-1	astC,711009,712311,-1	astD,1557121,1558558,1	astC,1583924,1585331,1	astD,2284602,2286111,-1	astD,2548967,2550404,1	astC,2641356,2642556,1	astD,2743709,2745224,1	astD,3372901,3374422,-1	astD,3558769,3562747,-1	
NC_005090:
NC_004741:astC,164747,166028,-1	astC,746951,748241,-1	astD,1356754,1358242,1	astC,1359561,1360827,1	astD,1441194,1442634,1	astA,1553074,1554106,1	astD,1554102,1555581,1	astE,1556903,1557872,1	astD,1847866,1849291,-1	astC,2760082,2761210,1	astC,3198575,3199982,1	astD,4044318,4045947,1	astC,4313313,4314534,1	astD,4546508,4547975,-1	
NC_003112:
NC_003919:
NC_002947:astD,263248,264691,1	astC,264873,266151,1	astC,452081,453362,1	astD,631917,633438,-1	astC,694157,695504,1	astD,695577,697071,1	astD,773391,774810,1	astD,823170,824601,-1	astD,1434383,1435961,-1	astD,1685349,1686774,-1	astD,2203320,2204799,1	astC,2485405,2486764,1	astD,2833902,2835414,-1	astD,2835653,2837045,-1	astC,2955659,2957042,1	astD,2957237,2958731,1	astD,3068908,3070429,1	astD,3085119,3086562,-1	astC,3168102,3170982,1	astC,3189266,3190646,-1	astC,3190741,3191995,-1	astD,3192032,3193457,-1	astD,3569475,3570861,-1	astD,3703943,3705998,-1	astD,3796541,3797990,-1	astC,3800865,3803913,-1	astD,3899589,3901209,1	astD,3926827,3928321,1	astD,4141863,4143345,1	astC,4240281,4241694,-1	astC,4643129,4644380,1	astC,4692321,4695054,1	astC,4795083,4796442,-1	astC,5015968,5017360,-1	astD,5017381,5018854,-1	astE,5084647,5085655,-1	astB,5085970,5087320,-1	astD,5087343,5088807,-1	astA,5088807,5089836,-1	astA,5089914,5090934,-1	astC,5091081,5092302,-1	astD,5292857,5294384,-1	astC,5446493,5447777,1	astD,5630465,5634419,1	astC,5678366,5679773,1	astD,5774124,5775597,1	astD,5841422,5842853,1	astC,5909379,5910741,-1	astD,6002436,6003927,-1	astD,6027957,6029451,-1	astD,6122151,6123597,-1	
NC_005085:astC,76571,77849,-1	astD,408731,410237,1	astD,1283179,1284673,1	astC,1518712,1520053,1	astD,1520084,1521578,1	astC,1599715,1600930,1	astA,1601071,1602091,1	astA,1602102,1603146,1	astD,1603145,1604606,1	astB,1604616,1605963,1	astD,1652788,1656382,1	astD,2200465,2201953,-1	astC,2206635,2208015,1	astD,2270967,2272470,-1	astC,2444708,2445947,1	astD,2681342,2682770,-1	astC,3057076,3058357,-1	astC,3069548,3070910,-1	astD,3075157,3076729,-1	astE,3153125,3154127,1	astC,4241279,4242545,1	astD,4242614,4244075,1	astD,4427817,4429173,1	astC,4543393,4544740,1	
NC_002663:
NC_002927:astD,40108,41536,-1	astD,328967,330449,1	astD,674974,676432,-1	astD,684639,686124,-1	astD,712744,714274,1	astD,771066,772536,1	astD,779276,780716,1	astC,878522,879764,1	astD,921229,922723,-1	astC,922754,924038,-1	astD,1149803,1151285,-1	astD,1309958,1311386,1	astD,1667968,1669471,-1	astD,1905789,1907259,-1	astC,1907338,1908604,-1	astC,1989013,1990384,-1	astD,1991463,1992957,-1	astC,1996568,1997843,-1	astC,2127003,2128185,-1	astD,2168051,2171873,1	astD,2504904,2506428,1	astD,2545583,2547113,1	astD,2807858,2809355,-1	astD,3118578,3120093,-1	astD,3342682,3344116,-1	astC,3435787,3437095,-1	astC,3439578,3440919,1	astC,3558332,3559607,-1	astD,3781175,3782630,-1	astD,3955740,3957234,-1	astC,4370843,4372223,-1	astD,4598501,4599956,-1	astC,4693581,4694865,1	astD,4941492,4942953,-1	astC,5263063,5264254,-1	astD,5283022,5284495,1	
NC_002678:astC,75071,76457,-1	astD,839909,841397,-1	astD,970577,974231,-1	astD,978867,980325,-1	astC,1012744,1014124,-1	astC,1059774,1061247,-1	astC,1356216,1357545,-1	astD,1792667,1794101,-1	astD,1868253,1869750,-1	astD,2305568,2307083,-1	astD,2454423,2455998,1	astD,2475115,2476504,-1	astC,2956774,2958193,-1	astD,3187067,3188564,-1	astD,3238981,3240403,1	astD,3349783,3351307,1	astD,3800953,3803299,-1	astC,4085616,4086999,-1	astD,4165230,4166670,1	astD,4302332,4303760,1	astC,4431231,4432521,1	astC,4536856,4538056,1	astD,4603958,4605446,-1	astD,4685215,4686709,-1	astC,4700813,4702082,-1	astC,4807199,4808459,1	astC,4843916,4845293,1	astC,4847712,4849035,1	astC,4854119,4854827,-1	astC,4868237,4869527,1	astD,4935364,4936810,1	astC,4939088,4940495,1	astD,5436204,5437722,-1	astC,5505910,5507194,1	astC,5721875,5723276,1	astD,5728472,5729963,1	astC,5752492,5753980,1	astC,5802791,5804165,-1	astD,5807334,5808792,-1	astD,5809863,5811327,-1	astC,5883966,5885346,-1	astD,5885378,5886872,-1	astC,5920691,5922002,1	astD,5942830,5944276,-1	astD,6298766,6300230,-1	
NC_004463:
