caiA,a	caiB,b	caiC,c	caiD,d	caiE,e	caiT,f	
NC_011833:
NC_002696:caiD,4021,4810,1	caiA,80354,81530,-1	caiC,205173,206793,-1	caiD,374975,375836,-1	caiD,418500,419271,1	caiA,441716,442865,1	caiA,755632,756940,-1	caiC,1020088,1023109,1	caiC,1047678,1049217,-1	caiD,1052775,1053660,1	caiC,1072201,1073794,1	caiA,1259443,1260607,-1	caiA,1457396,1458611,1	caiA,1458671,1459877,1	caiC,1472510,1474262,1	caiA,1504004,1505144,1	caiD,1505759,1506812,1	caiD,1894994,1895765,-1	caiA,1986861,1988007,1	caiA,1996178,1997246,1	caiA,1997253,1998402,1	caiC,2003301,2004936,-1	caiD,2006797,2007625,-1	caiB,2034010,2035138,-1	caiD,2047841,2048645,1	caiA,2255476,2256682,1	caiA,2256754,2257888,1	caiA,2378541,2379678,-1	caiC,2500041,2501949,-1	caiB,2527975,2529166,1	caiA,2531018,2532182,-1	caiC,2604240,2605731,-1	caiD,2605774,2606602,-1	caiA,2684795,2686019,-1	caiA,2686032,2687067,-1	caiD,2784811,2785609,-1	caiE,2863306,2863837,-1	caiD,3313429,3314161,-1	caiA,3318067,3319762,-1	caiC,3433085,3434639,-1	caiA,3694959,3696267,1	caiB,3810614,3811916,-1	caiC,3836748,3838692,1	
NC_002516:caiE,78089,78632,-1	caiB,501375,502599,-1	caiA,502718,503900,-1	caiA,566931,568728,1	caiD,812444,813263,-1	caiA,813328,814492,-1	caiA,961369,962530,1	caiB,964371,965574,1	caiC,969669,971625,1	caiC,1078461,1080015,1	caiD,1106999,1107761,1	caiA,1107762,1108908,1	caiA,1288736,1289876,1	caiB,1289964,1291146,1	caiC,1315915,1317202,-1	caiD,1341850,1342648,-1	caiA,1394778,1396599,-1	caiA,1673203,1674352,1	caiC,1760712,1762380,1	caiD,1772654,1773440,-1	caiA,1774602,1775757,1	caiD,1980164,1980977,1	caiD,2202648,2203446,-1	caiA,2205189,2206353,-1	caiC,2541196,2544946,-1	caiC,2657797,2665144,-1	caiC,2665155,2671629,-1	caiC,2671728,2687178,-1	caiC,2707665,2720694,-1	caiA,2881753,2882983,-1	caiA,2884205,2885333,-1	caiC,2887356,2889024,-1	caiC,2890355,2892050,-1	caiA,2939645,2940797,-1	caiD,3195899,3196691,1	caiA,3242323,3243484,1	caiD,3243504,3244299,1	caiC,3247368,3249195,1	caiD,3374459,3376607,-1	caiC,3695510,3697199,-1	caiC,3697433,3699122,-1	caiC,3730556,3737615,1	caiD,3835578,3836349,-1	caiC,3999207,4001094,-1	caiD,4024728,4025526,-1	caiB,4025585,4026773,-1	caiA,4026811,4028539,-1	caiB,4183709,4184939,1	caiE,4204733,4205258,-1	caiC,4318921,4320820,-1	caiC,4398258,4399941,-1	caiT,4408923,4410885,1	caiC,4696280,4697903,1	caiC,4736794,4741111,-1	caiC,4742423,4744067,1	caiD,4858489,4859263,-1	caiA,4967312,4968458,-1	caiC,5315533,5317471,1	caiA,5591451,5592612,-1	caiD,5592632,5593424,-1	caiA,5609593,5610802,-1	caiA,5610850,5612140,-1	caiT,5955179,5957165,1	caiT,6051643,6053194,1	caiE,6232554,6233115,1	
NC_000913:caiE,34780,35371,-1	caiD,35376,36162,-1	caiC,36270,37824,-1	caiB,37897,39115,-1	caiA,39243,40386,-1	caiT,40416,41931,-1	caiT,329462,331496,1	caiC,352705,354592,1	caiC,614156,618038,1	caiC,626069,627680,1	caiD,1457496,1458264,1	caiD,1458263,1459052,1	caiE,1464470,1465061,1	caiA,1777195,1778347,1	caiC,1783030,1784677,1	caiT,1883187,1884633,1	caiC,1888060,1889746,-1	caiC,2373647,2375003,-1	caiD,2375961,2376819,-1	caiD,2457014,2459159,-1	caiB,2488022,2489168,-1	caiB,2492003,2493254,-1	caiD,3063992,3064778,1	caiE,3429235,3429790,1	caiD,4028781,4030971,-1	caiC,4285412,4287371,-1	caiA,4414274,4415900,1	
NC_004347:caiE,44972,45521,-1	caiC,87060,88854,1	caiC,362345,364010,-1	caiD,592180,592987,1	caiA,1766174,1767332,1	caiD,1767384,1768158,1	caiA,1995151,1996321,-1	caiC,1999027,2000935,1	caiC,2075394,2077131,1	caiC,2707889,2709563,-1	caiC,2861907,2863860,1	caiD,3210695,3212813,-1	caiC,3816569,3818168,1	caiD,4055192,4055930,1	caiC,4770700,4772146,1	
NC_004757:caiC,1220222,1221806,1	caiE,1310847,1311408,1	caiA,1684528,1686862,1	caiC,1686858,1688697,1	caiC,1790663,1792496,-1	caiC,2540942,2542910,1	caiA,2550137,2551337,-1	caiC,2551336,2553019,-1	
NC_003047:
NC_003062:
NC_003143:
NC_005061:
NC_007086:caiA,311962,313126,-1	caiE,418979,419540,-1	caiT,917297,919277,-1	caiA,1514166,1516641,-1	caiC,2817881,2819564,1	caiD,3246029,3246812,1	caiA,3270900,3272049,-1	caiA,3381855,3383019,-1	caiD,3560017,3562090,1	caiD,3565864,3566662,-1	caiA,3566658,3567840,-1	caiD,4070466,4071294,1	caiC,4073064,4074543,1	caiC,4665245,4669226,-1	caiC,4890999,4892943,1	
NC_004578:caiE,168836,169382,1	caiA,546381,548187,1	caiC,1257916,1259599,1	caiE,1610584,1611109,1	caiC,1992394,1994350,1	caiC,2307859,2320870,1	caiC,2333959,2341837,1	caiC,2341851,2348307,1	caiC,2348308,2356936,1	caiE,2848872,2849433,1	caiC,2870282,2871851,-1	caiC,2884460,2890634,-1	caiD,3018616,3019429,1	caiA,3043593,3044937,-1	caiA,3050065,3051295,1	caiC,3152878,3162385,1	caiC,3162381,3180171,1	caiD,3307572,3308403,-1	caiD,3555899,3556673,-1	caiD,3967721,3969887,-1	caiD,4179325,4180423,1	caiA,4180426,4181578,1	caiB,4406023,4407214,-1	caiC,4616448,4618140,-1	caiC,4618495,4620184,-1	caiC,5088444,5093706,1	caiC,5093814,5104113,1	caiC,5282596,5284126,1	caiC,5313601,5327197,-1	caiT,5989583,5991578,-1	caiB,6219737,6220958,-1	caiA,6220970,6222152,-1	
NC_002488:
NC_004310:caiD,17577,18372,-1	caiA,22863,24012,-1	caiC,298251,299916,-1	caiD,414959,415712,-1	caiA,415714,417493,-1	caiB,1056154,1057300,-1	caiA,1057378,1058563,-1	caiE,1224774,1225302,-1	caiC,1670791,1672702,1	caiC,1740225,1742181,1	caiD,1970821,1971598,-1	caiD,2106212,2106986,1	
NC_002928:caiC,240120,242097,-1	caiC,359631,361182,-1	caiB,370024,371206,1	caiD,381991,382807,1	caiC,485297,486872,1	caiD,487643,488408,1	caiB,491036,492290,1	caiB,539442,540708,1	caiD,559830,560616,1	caiC,574602,576303,-1	caiD,582181,582952,-1	caiB,584235,585504,-1	caiB,585716,586928,1	caiA,591218,592385,1	caiA,608035,609193,-1	caiC,609974,611660,-1	caiD,612478,613285,1	caiA,618473,619640,1	caiB,619732,620971,1	caiB,620972,622148,1	caiD,624303,625077,1	caiC,634988,636497,1	caiC,646240,648190,1	caiB,649105,650287,1	caiA,651352,652519,1	caiD,662239,663097,-1	caiD,665964,666744,1	caiB,666801,668064,1	caiD,670337,671096,1	caiC,687643,689152,1	caiD,691789,692623,-1	caiA,694019,695246,-1	caiD,695292,696093,-1	caiB,823607,824819,1	caiD,825812,826646,1	caiB,960629,961856,-1	caiD,981783,982557,-1	caiC,982601,984221,-1	caiD,986455,987244,-1	caiD,987263,988061,-1	caiC,988070,989948,-1	caiB,1006535,1007732,1	caiD,1007752,1008556,1	caiC,1015751,1017383,1	caiC,1028890,1030381,-1	caiB,1062894,1064031,-1	caiA,1065780,1066914,-1	caiB,1081252,1082452,1	caiD,1082468,1083260,1	caiA,1130731,1131898,1	caiB,1134442,1135564,1	caiA,1285064,1286321,-1	caiB,1304859,1306110,1	caiB,1381690,1382944,1	caiB,1405856,1407011,-1	caiA,1658646,1659801,1	caiD,1788876,1789665,1	caiC,1872935,1874477,1	caiB,2150641,2151865,1	caiD,2153384,2154188,1	caiA,2156564,2157728,1	caiD,2175095,2175905,-1	caiC,2180953,2182819,1	caiD,2253967,2254735,1	caiB,2254772,2255975,1	caiC,2489439,2491113,-1	caiB,2817558,2818866,-1	caiD,2920341,2922426,-1	caiD,2923441,2924242,-1	caiD,2924270,2925029,-1	caiB,2925025,2926225,-1	caiB,2932172,2933399,1	caiB,2992106,2993318,1	caiA,3007291,3008455,-1	caiB,3008491,3009631,-1	caiB,3023652,3024825,-1	caiD,3025879,3026695,-1	caiD,3311833,3312628,1	caiC,3387621,3389085,1	caiC,3498957,3500622,1	caiE,3500633,3501155,1	caiC,3530861,3532841,-1	caiC,3534793,3536683,-1	caiT,3664036,3665995,-1	caiT,3696382,3698614,-1	caiB,3796532,3797765,-1	caiD,3799368,3800181,-1	caiC,3894691,3896323,1	caiA,3904454,3906164,1	caiB,3907193,3908318,1	caiB,3939241,3940438,-1	caiD,3943099,3943867,-1	caiC,4031181,4032873,-1	caiC,4117689,4119354,1	caiA,4121716,4122949,-1	caiD,4125040,4125826,-1	caiB,4125822,4127052,-1	caiC,4262839,4264489,-1	caiA,4264529,4265699,-1	caiD,4343945,4344758,1	caiB,4438258,4439419,1	caiB,4446638,4447868,-1	caiA,4447980,4449129,-1	caiD,4450938,4451676,1	caiD,4479078,4479855,-1	caiB,4539808,4541017,1	caiB,4631083,4632304,1	caiB,4633394,4634600,-1	caiA,4693078,4694257,1	
NC_002929:caiD,32214,33006,1	caiB,143666,144890,-1	caiD,145811,146624,-1	caiB,202836,204048,1	caiB,262882,264007,-1	caiD,313838,314702,1	caiA,314704,315874,1	caiC,315914,317564,1	caiC,331860,333540,-1	caiB,416615,417848,1	caiD,417840,418626,1	caiA,420789,421950,1	caiB,442109,443363,-1	caiC,540857,542411,1	caiD,543182,543947,1	caiC,631263,632757,-1	caiA,632836,634012,-1	caiD,634842,635628,-1	caiA,642491,643640,1	caiD,643636,644443,1	caiA,646788,647949,1	caiB,648965,650114,1	caiA,659864,660995,-1	caiA,661008,662199,-1	caiD,671779,672559,-1	caiC,799704,801237,-1	caiT,826319,828551,1	caiT,861258,863217,1	caiC,967343,969002,-1	caiC,1148446,1150312,1	caiB,1428274,1429468,1	caiA,1519265,1520420,1	caiA,1609638,1610832,-1	caiD,1785554,1786349,-1	caiB,1870626,1871850,1	caiD,1873374,1874172,1	caiD,1896852,1897662,-1	caiD,2215300,2216113,1	caiB,2217188,2218337,1	caiC,2516239,2517931,1	caiE,2517942,2518464,1	caiC,2549169,2551149,-1	caiB,2712534,2713722,1	caiD,2842295,2843084,-1	caiC,2985476,2987168,1	caiC,3047534,3049010,1	caiB,3129536,3130727,-1	caiB,3400136,3401231,-1	caiA,3403220,3404384,-1	caiD,3410018,3410801,1	caiC,3464173,3465805,1	caiD,3494682,3495510,1	caiD,3524772,3525510,-1	caiA,3527319,3528468,1	caiD,3914506,3915280,-1	caiB,3917300,3918494,-1	caiB,4051069,4052224,1	caiD,4054668,4055493,1	caiD,4058195,4058975,1	caiB,4059032,4060295,1	
NC_003197:caiE,81019,81616,-1	caiD,81724,82510,-1	caiC,82563,84117,-1	caiB,84179,85397,-1	caiA,85508,86651,-1	caiT,86685,88203,-1	caiC,421687,423574,1	caiC,645461,649346,1	caiC,657439,659050,1	caiA,928719,929883,1	caiC,1430188,1431829,-1	caiA,1436702,1437854,-1	caiC,1915221,1916907,-1	caiD,2413998,2414856,-1	caiD,2498104,2500252,-1	caiE,3572481,3573036,1	caiD,4189309,4191499,-1	caiC,4513713,4515672,-1	caiA,4619613,4621236,1	
NC_004459:
NC_004917:
NC_004603:
NC_000907:
NC_002163:
NC_003295:caiC,70886,72692,-1	caiD,300357,301152,-1	caiA,305938,307069,-1	caiA,312255,313437,-1	caiD,335934,336753,1	caiC,468950,470666,1	caiA,505404,507192,1	caiD,511092,511857,1	caiA,799646,800954,-1	caiC,824517,826224,1	caiB,839904,841167,-1	caiE,1190809,1191337,-1	caiB,1265687,1266905,1	caiB,1464243,1465350,-1	caiC,1618903,1620802,1	caiC,1870827,1872456,1	caiD,1884343,1886464,1	caiC,2129295,2131278,-1	caiD,2193271,2194051,1	caiA,2198109,2199372,1	caiA,2217159,2218290,-1	caiA,2218314,2219511,-1	caiC,3075261,3076971,-1	caiD,3101635,3102412,-1	caiD,3102491,3103280,1	
NC_005090:
NC_004741:caiE,33696,34308,-1	caiD,34292,35186,-1	caiC,35186,36755,-1	caiB,36813,38031,-1	caiA,38159,39302,-1	caiT,39332,40847,-1	caiC,512772,516618,1	caiC,525324,526935,1	caiC,1497406,1499158,1	caiC,1600706,1602407,-1	caiC,2365834,2367190,-1	caiD,2368148,2369006,-1	caiD,2445434,2447579,-1	caiB,2469224,2470409,-1	caiB,2473204,2474455,-1	caiD,2990342,2991128,1	caiE,3401984,3402755,1	caiD,3729389,3731579,1	
NC_003112:caiE,658332,658863,1	caiC,1286159,1287713,1	caiT,1287802,1289830,-1	caiC,1614033,1615704,-1	
NC_003919:caiA,319703,320867,-1	caiE,415046,415592,-1	caiT,858842,860822,-1	caiC,1042226,1043705,-1	caiD,1045461,1046289,-1	caiA,1516109,1517291,1	caiD,1517287,1518085,1	caiD,1521744,1523826,-1	caiA,1696903,1698079,1	caiA,1805538,1806687,1	caiD,1830455,1831238,-1	caiC,2182585,2184268,-1	caiC,2445192,2449893,1	caiC,2449905,2455932,1	caiA,3574313,3576788,1	caiC,4608475,4612474,-1	caiC,4914006,4915950,1	
NC_002947:caiE,100528,101077,-1	caiA,168401,169583,1	caiB,169596,170817,1	caiT,282590,284552,1	caiA,445313,447119,1	caiC,878469,880152,1	caiE,1660529,1661054,1	caiB,1679596,1680796,-1	caiC,2316043,2317741,1	caiA,2317755,2318922,1	caiD,2437077,2439225,1	caiC,2523275,2524961,1	caiA,2526955,2528083,1	caiD,2528096,2528870,1	caiC,2681431,2683321,1	caiA,2783544,2784789,1	caiT,3082513,3084064,-1	caiA,3182337,3183510,1	caiC,3184360,3186007,1	caiB,3396287,3397520,1	caiA,3661687,3662830,-1	caiD,3717797,3718589,-1	caiD,3718623,3719397,-1	caiE,3719743,3720343,1	caiD,3798065,3798896,-1	caiE,3842948,3843473,-1	caiB,3843485,3844676,-1	caiC,3920073,3921762,-1	caiA,3961799,3962951,1	caiC,4028619,4030242,1	caiT,4123521,4125267,1	caiA,4250040,4251201,-1	caiD,4251234,4252029,-1	caiD,4258450,4259197,1	caiC,4315915,4317469,1	caiT,4463979,4465953,-1	caiD,4540317,4541160,-1	caiC,4586128,4587811,-1	caiA,4588021,4589296,1	caiD,4590926,4591742,1	caiC,4768853,4779266,-1	caiC,4779426,4787313,-1	caiC,4787314,4793839,-1	caiC,4818234,4831188,-1	caiC,5097298,5099260,-1	caiC,5171259,5172957,-1	caiC,5173288,5174977,-1	caiC,5344600,5346535,1	caiT,5770949,5772953,-1	caiT,6125195,6126899,1	
NC_005085:caiC,105297,106953,1	caiE,902735,903281,-1	caiC,925460,927089,1	caiD,1400533,1401322,-1	caiC,1547012,1548692,-1	caiC,1581379,1582987,-1	caiC,1584374,1587617,-1	caiD,1666718,1667501,1	caiD,1918466,1919255,-1	caiA,1921361,1922531,-1	caiC,1934845,1936534,1	caiD,2268808,2269627,-1	caiA,2269736,2270897,-1	caiC,2410976,2419556,1	caiD,2675042,2675858,-1	caiC,3036594,3047259,-1	caiC,3047255,3056771,-1	caiB,3289454,3290849,1	caiD,3341426,3342236,-1	caiC,3573069,3575034,1	caiA,4114797,4116579,-1	caiB,4229795,4230986,-1	caiA,4231206,4232394,-1	caiC,4381410,4383174,1	caiA,4476741,4478385,-1	caiT,4642502,4644035,1	
NC_002663:
NC_002927:caiC,236733,238710,-1	caiC,354990,356541,-1	caiB,365419,366601,1	caiD,377389,378205,1	caiC,483719,485294,1	caiD,486065,486830,1	caiB,489479,490733,1	caiB,540795,542061,1	caiD,560776,561511,1	caiB,569065,570307,1	caiC,575597,577154,-1	caiD,583178,583949,-1	caiB,585232,586474,-1	caiB,586712,587924,1	caiA,592223,593390,1	caiA,609048,610206,-1	caiC,610987,612673,-1	caiD,613491,614298,1	caiA,619488,620655,1	caiB,620747,621986,1	caiB,621987,623163,1	caiD,625318,626092,1	caiC,635990,637511,1	caiA,642900,644049,-1	caiC,647256,649206,1	caiB,650121,651303,1	caiA,652369,653536,1	caiD,663258,664116,-1	caiD,666983,667763,1	caiB,667820,669083,1	caiD,671356,672115,1	caiA,690799,691990,1	caiC,691986,693495,1	caiD,696132,696966,-1	caiA,698362,699589,-1	caiD,699635,700436,-1	caiB,751468,752653,1	caiD,784485,785295,-1	caiB,786192,787287,-1	caiA,789276,790440,-1	caiD,796104,796887,1	caiB,907443,908655,1	caiD,909648,910482,1	caiB,1061212,1062439,-1	caiD,1081316,1082090,-1	caiC,1082134,1083754,-1	caiD,1110442,1111219,1	caiD,1119809,1120586,1	caiB,1121628,1122837,1	caiB,1141075,1142263,1	caiB,1164742,1165963,-1	caiD,1168987,1169767,-1	caiB,1171832,1172969,1	caiB,1178956,1180078,1	caiA,1180150,1181809,1	caiD,1206715,1207504,-1	caiD,1207523,1208321,-1	caiC,1208330,1210208,-1	caiB,1226539,1227736,1	caiD,1227756,1228560,1	caiC,1235763,1237395,1	caiC,1252286,1253777,-1	caiB,1289686,1290823,-1	caiA,1292572,1293739,-1	caiB,1311427,1312627,1	caiD,1312643,1313435,1	caiA,1362708,1363875,1	caiB,1366419,1367541,1	caiA,1517868,1519125,-1	caiB,1537708,1538959,1	caiD,1606630,1607398,1	caiB,1607435,1608638,1	caiC,1881816,1883490,-1	caiB,2206950,2208258,-1	caiB,2388801,2390025,1	caiD,2391544,2392348,1	caiA,2394724,2395888,1	caiD,2413167,2413977,-1	caiC,2419025,2420891,1	caiB,2499782,2501036,1	caiB,2523918,2525073,-1	caiA,2791929,2793084,1	caiB,2849940,2851152,-1	caiB,2927249,2928476,-1	caiB,2934375,2935623,1	caiD,2935619,2936378,1	caiD,2936406,2937207,1	caiD,2938222,2940307,1	caiB,2983553,2984747,-1	caiD,3240023,3240818,1	caiB,3333488,3334685,-1	caiA,3340316,3341480,-1	caiB,3341516,3342686,-1	caiB,3356753,3357926,-1	caiD,3358980,3359799,-1	caiC,3588184,3589726,-1	caiD,3673449,3674238,-1	caiC,3768718,3770392,1	caiC,3915425,3917090,1	caiE,3917101,3917623,1	caiC,3947320,3949300,-1	caiC,3951252,3953142,-1	caiT,4079274,4081233,-1	caiT,4111595,4113827,-1	caiB,4194367,4195600,-1	caiD,4197203,4198007,-1	caiC,4292820,4294416,1	caiA,4302615,4304325,1	caiB,4305354,4306479,1	caiB,4337353,4338550,-1	caiD,4341211,4341979,-1	caiC,4437769,4439446,-1	caiC,4523256,4524891,1	caiA,4527253,4528426,-1	caiD,4530577,4531363,-1	caiB,4531355,4532588,-1	caiB,4580490,4581684,1	caiD,4583704,4584478,1	caiC,4697685,4699335,-1	caiA,4699375,4700545,-1	caiD,4700547,4701405,-1	caiD,4779000,4779813,1	caiB,4780767,4781961,1	caiB,4873471,4874632,1	caiB,4881947,4883177,-1	caiA,4883289,4884438,-1	caiD,4886247,4886985,1	caiD,4914444,4915221,-1	caiB,4975444,4976653,1	caiC,5000650,5002144,-1	caiA,5002223,5003399,-1	caiD,5004658,5005444,-1	caiA,5012763,5013912,1	caiD,5013908,5014715,1	caiA,5017060,5018221,1	caiB,5019243,5020392,1	caiB,5048689,5049853,1	caiA,5054204,5055359,-1	caiB,5055334,5056597,-1	caiD,5057925,5058696,1	caiD,5060823,5061633,1	caiB,5069038,5070235,1	caiB,5072445,5073591,1	caiA,5093262,5094393,-1	caiA,5094406,5095597,-1	caiD,5105177,5105957,-1	caiB,5192786,5194007,1	caiB,5195097,5196303,-1	caiA,5254702,5255881,1	
NC_002678:caiE,124437,124965,1	caiC,484175,485801,1	caiA,534490,536137,-1	caiD,835230,836007,-1	caiB,843759,844977,-1	caiA,1009157,1010324,1	caiB,1342468,1343644,1	caiD,1522780,1523596,1	caiC,1523661,1525149,1	caiC,1616324,1620302,1	caiC,1645588,1647268,1	caiB,1866511,1867681,1	caiA,2318233,2319430,-1	caiA,2488309,2489542,-1	caiC,3268372,3270328,1	caiC,3783150,3784665,1	caiA,3991632,3992796,1	caiD,3994905,3995733,1	caiC,4215668,4217597,-1	caiC,4330600,4332304,-1	caiA,4344181,4345330,-1	caiD,4345329,4346133,-1	caiC,4364449,4367863,1	caiD,4480245,4481019,-1	caiA,4517176,4518967,1	caiA,4519011,4520238,1	caiD,4862684,4863458,-1	caiC,4863472,4865161,-1	caiD,4907901,4908699,-1	caiB,4932706,4933870,1	caiC,5534321,5535857,-1	caiC,5538881,5541635,-1	caiC,5544924,5547696,-1	caiC,5698987,5700760,1	caiC,5733470,5735096,1	caiA,5735092,5736844,1	caiD,5736887,5737694,1	caiC,5743846,5745373,-1	caiB,5910128,5911295,-1	caiC,6028910,6030551,1	caiA,6157191,6158961,1	caiC,6220682,6222311,1	caiA,6404060,6405224,-1	caiD,6687198,6688074,1	caiD,6949815,6950637,1	
NC_004463:caiC,104747,106361,1	caiD,114616,115468,-1	caiA,117867,118503,1	caiC,125414,126932,-1	caiD,134743,135556,1	caiD,138822,139614,-1	caiB,356478,357645,1	caiC,545535,547065,1	caiD,591434,592247,-1	caiC,614136,616095,1	caiB,744228,745404,1	caiB,782658,783861,-1	caiC,906720,908301,-1	caiC,1076903,1078508,-1	caiA,1078625,1079855,1	caiA,1080102,1081140,1	caiC,1094595,1096146,-1	caiA,1128450,1129590,1	caiC,1188980,1190522,1	caiC,1398091,1399951,1	caiC,1422453,1424364,1	caiC,1430874,1432560,-1	caiC,1443924,1445487,-1	caiC,2276847,2286780,1	caiD,2408133,2408907,1	caiC,2416075,2422540,-1	caiC,2523050,2526455,-1	caiB,2806654,2807848,-1	caiA,2863900,2865115,1	caiC,2867295,2868924,-1	caiD,2889345,2890119,-1	caiD,2902543,2903302,-1	caiA,2905026,2906805,-1	caiB,3057377,3058550,1	caiD,3061414,3062230,-1	caiD,3111303,3112233,-1	caiA,3241293,3242661,-1	caiD,3244327,3245116,1	caiD,3246729,3247563,-1	caiA,3247656,3248994,1	caiC,3249111,3250689,-1	caiC,3252838,3254383,1	caiD,3254421,3255309,1	caiA,3297806,3299024,1	caiD,3353514,3354294,-1	caiB,3490453,3491731,-1	caiC,3519266,3520760,-1	caiA,3656080,3657223,-1	caiB,3659803,3660994,1	caiA,3660990,3662154,1	caiC,3686048,3687731,1	caiC,3769344,3770886,1	caiC,3801382,3803047,1	caiA,3806195,3807374,1	caiD,3813759,3814530,1	caiA,3817993,3819205,1	caiC,3903246,3904803,1	caiD,3904832,3905639,1	caiA,4273641,4274853,-1	caiC,4274908,4276534,-1	caiB,4355617,4356817,1	caiD,4384403,4385213,-1	caiA,4389190,4390336,1	caiC,4392447,4394166,1	caiC,4477709,4479302,1	caiD,4830855,4831650,1	caiB,4831659,4832919,1	caiA,4879276,4880404,1	caiC,4999415,5001083,1	caiC,5218157,5219840,-1	caiD,5505877,5506789,1	caiA,5997555,5998791,-1	caiB,6001533,6002763,-1	caiE,6139450,6139981,-1	caiD,6165132,6166023,1	caiC,6262399,6264307,-1	caiC,6558820,6560752,1	caiB,6635774,6637004,1	caiD,6646289,6647087,-1	caiD,6655459,6656242,-1	caiC,6692537,6694256,-1	caiD,6698340,6699177,-1	caiC,6702296,6703832,1	caiB,6715367,6716726,-1	caiC,6915238,6917155,1	caiA,7011649,7012852,-1	caiD,7013815,7014658,-1	caiB,7014599,7015811,-1	caiA,7026843,7028073,-1	caiB,7029773,7030664,-1	caiB,7039943,7041164,-1	caiA,7103054,7104227,-1	caiC,7485317,7486892,1	caiA,7488224,7489391,-1	caiB,7492559,7493780,1	caiB,7599907,7601095,-1	caiA,7968789,7969959,1	caiB,7969930,7971070,1	caiB,7989474,7990821,1	caiD,7996151,7997132,1	caiA,7997137,7998286,1	caiA,7998303,7999500,1	caiC,8027706,8029428,-1	caiC,8103918,8105607,-1	caiC,8529616,8531431,-1	caiA,8547540,8548785,-1	caiA,8548923,8550171,-1	caiA,8550290,8551418,-1	caiD,8553488,8554295,-1	caiC,8557376,8559029,1	caiA,8568991,8570182,-1	caiC,8571508,8573191,-1	caiD,8573336,8575433,-1	caiD,8598753,8599563,1	caiD,8610800,8611586,1	caiC,8617200,8618814,-1	caiD,8664020,8664851,1	caiC,8702942,8704781,-1	caiD,8733695,8734466,-1	
