fliF,a	fliG,b	fliH,c	fliI,d	fliJ,e	fliK,f	
NC_011833:fliI,4529,6068,1	fliI,6996,8394,1	fliF,77075,78713,1	fliG,78709,79705,1	fliH,79697,80360,1	fliI,80317,81721,1	fliK,82196,83333,1	fliI,627634,628894,-1	
NC_002696:fliF,1000952,1002617,1	fliG,1002616,1003639,1	fliI,3256824,3258159,1	fliI,3688537,3690157,-1	fliI,3691114,3692647,-1	fliI,4012450,4013896,-1	
NC_002516:fliF,1192404,1194201,1	fliG,1194206,1195223,1	fliH,1195224,1196031,1	fliI,1196020,1197376,1	fliJ,1197389,1197833,1	fliI,1845713,1847036,-1	fliI,5898864,5900124,-1	fliI,6248277,6249654,-1	fliI,6250595,6252140,-1	
NC_000913:fliF,2013228,2014887,1	fliG,2014879,2015875,1	fliH,2015867,2016554,1	fliI,2016553,2017927,1	fliJ,2017945,2018389,1	fliK,2018385,2019513,1	fliI,3915992,3917375,-1	fliI,3918315,3919857,-1	fliI,3966416,3967676,1	
NC_004347:fliI,3363293,3364631,-1	fliH,3364599,3365550,-1	fliG,3365536,3366583,-1	fliF,3366575,3368276,-1	fliI,4958633,4960025,-1	fliI,4960971,4962513,-1	
NC_004757:fliI,238112,239654,1	fliI,240572,241955,1	fliI,1122603,1123863,1	fliF,2265037,2266684,1	fliG,2266673,2267669,1	fliH,2267866,2268586,1	fliI,2268582,2270019,1	fliJ,2270036,2270489,1	fliK,2270547,2271693,1	
NC_003047:
NC_003062:
NC_003143:fliI,267482,268820,1	fliF,775093,776734,1	fliG,776705,777749,1	fliI,778462,779803,1	fliK,2070298,2071651,-1	fliJ,2071647,2072094,-1	fliI,2072193,2073648,-1	fliH,2073610,2074327,-1	fliG,2074319,2075312,-1	fliF,2075308,2077021,-1	fliI,4341762,4343022,-1	fliI,4643659,4645042,-1	fliI,4646122,4647664,-1	
NC_005061:
NC_007086:fliF,2721530,2723252,1	fliG,2723262,2724252,1	fliI,2724865,2726242,1	fliI,3601064,3602393,-1	fliI,4365234,4366641,-1	fliI,4367739,4369287,-1	fliI,4548070,4549351,1	
NC_004578:fliI,1537028,1538378,-1	fliF,2144683,2146468,1	fliG,2146475,2147477,1	fliI,2148300,2149659,1	fliI,5961652,5962912,-1	fliI,6381348,6382728,-1	fliI,6383666,6385211,-1	
NC_002488:
NC_004310:
NC_002928:fliK,1612427,1613744,-1	fliJ,1613749,1614184,-1	fliI,1614176,1615652,-1	fliH,1615648,1616404,-1	fliG,1616396,1617407,-1	fliI,2008367,2009624,-1	fliI,2375861,2377196,1	fliI,4470185,4471586,-1	fliI,4472632,4474174,-1	
NC_002929:fliI,1334251,1335508,-1	fliJ,1473484,1473931,-1	fliI,1473923,1475357,-1	fliH,1475395,1476151,-1	fliG,1476143,1477154,-1	fliF,1477143,1478820,-1	fliI,2370831,2372166,-1	fliI,3501463,3503005,1	fliI,3504051,3505452,1	
NC_003197:fliI,1495690,1496992,1	fliF,2056538,2058221,1	fliG,2058213,2059209,1	fliH,2059201,2059909,1	fliI,2059908,2061279,1	fliJ,2061300,2061744,1	fliK,2061740,2062958,1	fliI,3036676,3037972,-1	fliI,4074110,4075493,-1	fliI,4076433,4077975,-1	fliI,4125583,4126843,1	
NC_004459:fliI,1019800,1021372,1	fliI,1022317,1023721,1	fliF,1925454,1927200,1	fliG,1927192,1928248,1	fliI,1929141,1930467,1	
NC_004917:fliI,410429,411944,1	fliI,412868,414269,1	fliI,542915,544292,-1	fliG,588112,589144,-1	fliF,589159,590872,-1	
NC_004603:fliI,1784735,1786058,1	fliI,2358687,2360007,-1	fliG,2360881,2361937,-1	fliF,2361929,2363672,-1	fliI,3277528,3278932,-1	fliI,3279878,3281450,-1	
NC_000907:
NC_002163:fliI,111487,112993,1	fliI,113911,115309,1	fliI,190167,191553,1	fliF,288456,290139,1	fliG,290138,291167,1	
NC_003295:
NC_005090:fliI,510217,511720,1	fliI,512649,514053,1	fliG,1897962,1898988,-1	fliF,1898997,1900731,-1	fliI,2089515,2090820,-1	
NC_004741:fliG,1991501,1992497,1	fliH,1992489,1993176,1	fliI,1993175,1994549,1	fliK,1994908,1996036,1	fliI,3797052,3798312,-1	fliI,3846168,3847710,1	fliI,3848650,3850033,1	
NC_003112:
NC_003919:fliI,481703,483032,1	fliI,2281328,2282705,-1	fliG,2283318,2284329,-1	fliF,2284318,2286043,-1	fliI,4327651,4329058,-1	fliI,4330179,4331727,-1	fliI,4505457,4506738,1	
NC_002947:fliJ,4954920,4955373,-1	fliI,4955379,4956735,-1	fliG,4957678,4958698,-1	fliF,4958690,4960469,-1	fliI,5947204,5948464,-1	fliI,6175209,6176586,-1	fliI,6177522,6179067,-1	
NC_005085:fliI,696853,698398,1	fliI,699346,700744,1	fliI,1708628,1709885,1	fliI,2813260,2814595,1	fliI,2834492,2835782,-1	fliI,3271614,3272928,-1	fliG,3273599,3274583,-1	fliF,3274641,3276270,-1	fliI,3417603,3419004,-1	fliG,3419837,3420836,-1	fliF,3420828,3422568,-1	
NC_002663:
NC_002927:fliI,1729444,1730779,1	fliK,2745639,2746983,-1	fliJ,2746988,2747435,-1	fliI,2747427,2748903,-1	fliH,2748899,2749655,-1	fliG,2749647,2750658,-1	fliF,2750647,2752324,-1	fliI,3451585,3452842,1	fliI,4905551,4906952,-1	fliI,4907998,4909540,-1	
NC_002678:
NC_004463:fliI,473841,475275,-1	fliI,476404,477934,-1	fliI,682689,683955,-1	fliI,1968915,1970271,1	fliI,2377130,2378456,1	fliF,7559186,7560848,-1	fliG,7571051,7572092,-1	fliI,7576374,7577700,1	fliF,7707627,7709241,1	fliG,7709258,7710350,1	
