allB,a	gcl,b	glxK,c	glxR,d	hyi,e	ybbW,f	ybbY,g	
NC_011833:
NC_002696:
NC_002516:allB,443418,444690,-1	allB,494815,496255,-1	ybbW,496870,498361,1	ybbW,536141,537869,-1	hyi,609201,609999,-1	glxR,810274,811171,-1	glxK,1139713,1140859,1	gcl,1541144,1542746,-1	glxR,1629058,1629949,-1	hyi,1630023,1630806,-1	gcl,1630901,1632677,-1	glxR,1715808,1716675,1	gcl,2224485,2226144,-1	gcl,2318794,2320567,1	glxR,2417759,2418635,1	glxR,3714914,3715805,-1	gcl,3922083,3923766,-1	glxR,4001195,4002092,-1	gcl,4676281,4677925,-1	gcl,5274007,5275732,-1	gcl,5498739,5500326,-1	gcl,5587573,5589253,-1	gcl,5964858,5966577,1	allB,6233117,6234455,1	
NC_000913:gcl,85629,87354,1	gcl,533915,535697,1	hyi,535709,536486,1	glxR,536585,537464,1	ybbW,537632,539087,1	allB,539146,540508,1	ybbY,540564,541866,1	glxK,541887,543033,1	gcl,909330,911049,-1	gcl,2490255,2491950,-1	glxR,2861429,2862338,1	hyi,2864235,2865012,1	allB,3010027,3011413,1	glxK,3270624,3271770,-1	glxR,3271866,3272751,-1	gcl,3851095,3852784,-1	glxR,4072674,4073571,-1	
NC_004347:
NC_004757:
NC_003047:
NC_003062:
NC_003143:
NC_005061:
NC_007086:
NC_004578:
NC_002488:
NC_004310:
NC_002928:gcl,353784,355530,-1	glxR,382821,383712,1	gcl,566305,568012,1	gcl,895429,897127,-1	gcl,1078109,1079768,1	allB,1201930,1203304,1	gcl,1286337,1288101,-1	hyi,1478797,1479604,-1	glxR,1479600,1480497,-1	glxR,1661017,1661911,1	gcl,1677247,1678981,-1	glxR,1703194,1704112,-1	gcl,2852124,2853891,1	gcl,3632727,3634518,1	gcl,3711070,3712786,-1	glxR,3934721,3935636,1	glxR,4093255,4094164,1	allB,4253589,4254888,-1	gcl,4723748,4725599,-1	
NC_002929:
NC_003197:gcl,135897,137559,1	gcl,577466,579248,1	hyi,579260,580037,1	glxR,580137,581016,1	ybbW,582565,583879,1	allB,583957,585319,1	ybbY,585377,586676,1	glxK,586698,587847,1	gcl,1010106,1011825,-1	glxK,2606155,2606509,-1	hyi,3058031,3058808,-1	glxR,3060703,3061627,-1	glxK,3109318,3110461,-1	glxK,3415209,3416355,-1	glxR,3416452,3417343,-1	gcl,3995916,3997605,-1	gcl,4108972,4110619,1	glxR,4233763,4234660,-1	
NC_004459:
NC_004917:
NC_004603:
NC_000907:
NC_002163:
NC_003295:hyi,23148,23937,-1	allB,726996,728274,1	ybbW,1304553,1306062,1	gcl,1311669,1313553,-1	gcl,1440420,1442166,1	gcl,2249826,2251584,-1	glxR,2633841,2634738,1	gcl,3530895,3532671,1	hyi,3532700,3533483,1	glxR,3533963,3534875,1	
NC_005090:
NC_004741:gcl,82956,84681,1	gcl,463447,465229,1	hyi,465241,465523,1	gcl,853383,855102,-1	gcl,2471456,2473151,-1	glxK,3253236,3254382,-1	glxR,3254478,3255369,-1	glxR,3687002,3687899,1	gcl,3811646,3813293,-1	gcl,3872958,3874647,-1	
NC_003112:
NC_003919:
NC_002947:glxR,1308478,1309366,1	gcl,1330773,1332417,1	gcl,1589207,1590845,1	glxK,3602591,3603731,1	gcl,3808051,3809695,-1	ybbW,4545851,4547342,-1	glxR,4556489,4557473,-1	gcl,4886940,4888716,1	hyi,4888770,4889553,1	glxR,4889705,4890599,1	ybbW,4900535,4902068,1	glxR,5291959,5292847,-1	gcl,5317646,5319371,-1	allB,5695267,5696539,1	
NC_005085:
NC_002663:
NC_002927:gcl,349143,350889,-1	gcl,361455,363150,-1	glxR,378219,379110,1	gcl,567254,568961,1	glxR,687226,688513,-1	gcl,777603,779280,1	gcl,995957,997619,-1	glxR,1052311,1053301,-1	glxR,1112546,1113467,1	gcl,1308284,1309943,1	allB,1433946,1435320,1	gcl,1519141,1520836,-1	hyi,2596831,2597638,-1	glxR,2597634,2598531,-1	glxR,2794300,2795194,1	gcl,2810661,2812371,-1	glxR,2836574,2837492,-1	gcl,3017094,3018861,-1	gcl,3344126,3345809,-1	gcl,4049226,4051017,1	gcl,4126276,4127992,-1	glxR,4329616,4330567,-1	glxR,4332833,4333748,1	glxK,4359548,4360694,1	glxR,4498776,4499682,1	allB,4688436,4689735,-1	gcl,5285423,5287274,-1	
NC_002678:gcl,177552,179334,1	hyi,179344,180142,1	glxR,180246,181164,1	glxR,406520,407390,1	ybbW,470765,472223,1	allB,537253,538540,1	hyi,826758,827616,-1	glxR,1010350,1011235,1	gcl,1195158,1196940,-1	gcl,1343640,1345290,1	allB,1353381,1354833,-1	glxR,1414538,1415477,1	glxR,2108382,2109300,1	gcl,3948082,3950002,-1	gcl,4137765,4139346,1	gcl,5444876,5446679,1	gcl,5915826,5917473,1	hyi,6320815,6321598,1	allB,6447691,6449161,1	
NC_004463:glxR,1500369,1501440,-1	allB,2799446,2800781,1	glxR,2935944,2936847,-1	glxR,3221594,3222512,1	hyi,3222528,3223311,1	gcl,3268956,3270582,-1	gcl,3427332,3428967,-1	gcl,3491796,3493530,-1	gcl,3503726,3505517,1	hyi,3505528,3506314,1	glxR,3506326,3507214,1	allB,3651569,3653030,1	allB,3690164,3691634,1	glxR,4149155,4150028,-1	glxR,4391427,4392315,1	gcl,4456241,4457906,1	glxR,4756776,4757658,1	allB,5656632,5657943,1	glxR,6712411,6713353,1	glxR,6967174,6968077,-1	gcl,7063678,7065307,1	gcl,7159972,7161748,-1	gcl,7510436,7512098,-1	gcl,7972075,7973698,1	gcl,8016778,8018515,-1	gcl,8344110,8345772,-1	allB,8356211,8357666,1	
