glcA,a	glcB,b	glcD,c	glcE,d	glcF,e	glcG,f	
NC_011833:
NC_002696:
NC_002516:glcD,356680,358075,1	glcB,542169,544347,-1	glcG,1441631,1442063,1	glcD,1539748,1541131,-1	glcD,3389435,3391031,-1	glcA,5355386,5357075,1	glcD,5358441,5361258,1	glcG,6019481,6019883,-1	glcF,6019887,6021114,-1	glcE,6021123,6022203,-1	glcD,6022202,6023702,-1	
NC_000913:glcD,1765628,1768685,-1	glcF,2355520,2356711,1	glcD,2897963,2899418,-1	glcA,3119596,3121279,-1	glcB,3121633,3123805,-1	glcG,3123826,3124231,-1	glcF,3124235,3125459,-1	glcE,3125469,3126522,-1	glcD,3126521,3128021,-1	glcA,3777398,3779054,1	
NC_004347:glcA,844168,845806,-1	glcD,1594221,1597026,-1	glcA,1597092,1598736,-1	glcD,2776726,2779768,-1	glcB,4908900,4909464,1	
NC_004757:glcF,731785,733045,-1	glcE,733048,734134,-1	glcD,734143,735598,-1	glcD,801209,802754,1	glcD,1096561,1097929,1	glcF,1806002,1807277,-1	
NC_003047:glcB,68915,71087,1	glcD,853443,854883,1	glcE,854879,856097,1	glcF,856191,857523,1	glcD,951315,952758,-1	glcD,2298502,2299909,-1	glcD,3584657,3586079,1	
NC_003062:glcB,47735,49970,1	glcD,660203,661637,1	glcE,661872,663075,1	glcF,663090,664392,1	glcD,722704,724141,-1	glcD,2013170,2014583,-1	glcD,2735602,2737045,1	
NC_003143:
NC_005061:
NC_007086:
NC_004578:glcB,525680,527858,-1	glcD,3127012,3130060,1	glcD,4011745,4013245,1	glcE,4013244,4014303,1	glcG,4015575,4015983,1	glcB,4016047,4018225,1	glcD,6018623,6020018,-1	
NC_002488:
NC_004310:
NC_002928:glcB,93663,95841,-1	glcD,310322,311735,1	glcD,860720,862136,1	glcA,954121,955753,1	glcD,2681520,2682930,1	glcD,2683064,2684564,1	glcE,2684687,2685683,1	glcF,2685715,2686945,1	glcG,3534389,3534797,-1	
NC_002929:glcD,213268,214681,-1	glcG,2552695,2553103,-1	glcF,3080245,3081475,-1	glcE,3081507,3082617,-1	glcD,3082628,3084128,-1	glcD,3084262,3085672,-1	glcD,3345931,3347347,-1	glcB,3888429,3890607,-1	
NC_003197:
NC_004459:
NC_004917:
NC_004603:
NC_000907:
NC_002163:
NC_003295:glcA,1031325,1033014,-1	glcD,1672033,1673446,-1	glcF,1732145,1732871,1	glcG,2144669,2145083,-1	glcD,2873240,2874659,1	glcD,2875730,2877224,1	glcE,2877234,2878353,1	glcF,2878362,2879610,1	
NC_005090:
NC_004741:glcD,1785500,1788557,-1	glcF,2351731,2352922,1	glcA,3096364,3097951,-1	glcB,3098305,3100477,-1	glcG,3100498,3100903,-1	glcA,4023564,4025220,-1	
NC_003112:
NC_003919:
NC_002947:glcB,433020,435198,-1	glcD,4274041,4275541,1	glcE,4275540,4276593,1	glcF,4276602,4277838,1	glcG,4277830,4278229,1	glcD,5105088,5108109,-1	glcA,5383534,5385205,1	glcD,5386488,5389299,1	glcD,5879861,5881229,-1	
NC_005085:glcD,931426,932809,-1	glcA,3302864,3304499,-1	glcD,3304625,3307442,-1	glcD,4569276,4573131,1	
NC_002663:glcD,929837,932924,1	glcF,1625036,1626317,-1	glcA,2093272,2094859,1	glcF,2094936,2095656,1	
NC_002927:glcB,92467,94645,-1	glcD,305669,307082,1	glcD,944533,945949,1	glcA,1054704,1056336,1	glcD,2072159,2073569,1	glcD,2073703,2075203,1	glcE,2075214,2076324,1	glcF,2076356,2077586,1	glcG,3950848,3951256,-1	
NC_002678:glcD,1088640,1090044,-1	glcD,1236730,1238458,-1	glcB,3698566,3700732,1	glcD,5686896,5688324,1	glcE,5688966,5690115,1	glcF,5690125,5691451,1	glcD,5932124,5933528,1	glcD,6148830,6150261,1	glcD,7032840,7034280,-1	
NC_004463:glcB,1605563,1607729,-1	glcD,2810141,2811569,-1	glcD,2933589,2934984,-1	glcD,4308645,4310091,1	glcD,6651961,6654937,1	glcD,6843819,6845298,-1	glcD,7222917,7224342,-1	glcA,8269513,8271178,-1	glcF,8275415,8276738,-1	glcE,8276734,8277973,-1	glcD,8278765,8280259,-1	glcD,8751851,8753264,1	
