hcaB,a	hcaC,b	hcaD,c	hcaE,d	hcaF,e	
NC_011833:
NC_002696:
NC_002516:hcaB,1674977,1675865,-1	hcaB,1796137,1796899,1	hcaD,1926175,1928626,-1	hcaE,2291790,2293065,1	hcaF,2295012,2295522,1	hcaB,2356712,2357573,1	hcaE,2829439,2830834,1	hcaF,2830830,2831322,1	hcaB,2832368,2833130,-1	hcaE,2834686,2836054,-1	hcaB,3486416,3487184,-1	hcaB,3923758,3924556,-1	hcaB,4436491,4437328,-1	hcaB,4572310,4573072,1	hcaB,4580582,4581308,1	hcaD,6017623,6018778,-1	hcaE,6085384,6086674,-1	hcaB,6213580,6214339,-1	
NC_000913:hcaB,1697272,1698040,-1	hcaE,1884664,1885789,1	hcaE,2669031,2670393,1	hcaF,2670389,2670908,1	hcaC,2670907,2671228,1	hcaB,2671224,2672037,1	hcaD,2672046,2673249,1	hcaD,2833911,2835045,1	hcaB,2899487,2900273,-1	hcaB,2982496,2983258,-1	hcaD,3494010,3496554,1	hcaB,4473339,4474053,-1	
NC_004347:
NC_004757:
NC_003047:hcaD,867416,868634,1	hcaB,906260,907031,-1	hcaE,955076,956321,1	hcaB,1837445,1838204,-1	hcaB,2514075,2514837,1	hcaB,2629375,2630149,-1	hcaD,2715470,2716700,-1	hcaC,2718740,2719070,-1	hcaD,2719136,2720399,-1	hcaB,2743511,2744282,1	hcaB,2746158,2746923,1	hcaB,2755752,2756511,1	hcaB,2760282,2761053,-1	
NC_003062:
NC_003143:
NC_005061:
NC_007086:hcaB,201481,202237,1	hcaB,518217,519024,1	hcaB,877382,878120,-1	hcaC,1629237,1629567,-1	hcaC,2622997,2623357,-1	hcaD,2623359,2625813,-1	hcaB,2638820,2639699,1	hcaB,3798805,3799708,1	hcaB,4455672,4456539,1	
NC_004578:hcaB,397297,398071,-1	hcaE,443857,445090,-1	hcaB,1152921,1153686,1	hcaB,1295824,1296535,-1	hcaB,2266930,2267680,-1	hcaD,2547448,2548678,-1	hcaB,2645395,2646196,-1	hcaB,2646226,2646991,-1	hcaB,2755530,2756331,1	hcaB,3022419,3023187,-1	hcaB,3280639,3281392,-1	hcaE,3443658,3444909,1	hcaD,3686458,3689020,1	hcaB,4316871,4317597,-1	hcaB,4572654,4573413,1	
NC_002488:
NC_004310:
NC_002928:hcaE,283554,284844,-1	hcaD,284879,286142,-1	hcaC,286144,286456,-1	hcaB,388361,389123,1	hcaE,544399,545581,1	hcaB,609204,609957,-1	hcaB,644172,644922,1	hcaB,681795,682545,1	hcaB,1067128,1067866,1	hcaD,2335845,2337078,1	hcaC,2340630,2340954,1	hcaB,2821994,2822741,1	hcaB,2859431,2860439,-1	hcaB,2961392,2962151,1	hcaE,3027232,3028498,-1	hcaD,3034189,3035419,-1	hcaB,3461357,3462116,1	hcaB,3634514,3635291,1	hcaE,3991444,3992761,1	hcaB,4722847,4723606,1	
NC_002929:hcaB,476992,477751,1	hcaE,590191,591481,-1	hcaD,591516,592779,-1	hcaC,592781,593093,-1	hcaB,891225,892002,-1	hcaB,1191800,1192559,-1	hcaB,1732862,1733621,1	hcaB,2025136,2025904,1	hcaE,2213500,2214757,1	
NC_003197:
NC_004459:
NC_004917:
NC_004603:
NC_000907:
NC_002163:
NC_003295:hcaC,1146091,1146403,-1	hcaE,1146886,1148143,-1	hcaB,1890410,1891193,1	hcaB,2330227,2330998,-1	hcaE,2411997,2413095,1	hcaB,2550437,2551196,1	hcaB,3471333,3472140,1	
NC_005090:
NC_004741:hcaE,2647471,2648833,1	hcaF,2648829,2649348,1	hcaC,2649347,2649668,1	hcaB,2649664,2650477,1	hcaD,2802219,2803353,1	hcaB,2937538,2938300,-1	hcaB,3519482,3520289,1	hcaD,4306930,4309474,-1	hcaB,4405257,4405971,1	
NC_003112:
NC_003919:
NC_002947:hcaE,378119,379412,-1	hcaB,574052,574814,1	hcaD,1903742,1906295,1	hcaB,2042729,2043491,1	hcaB,2076405,2077155,-1	hcaB,2209752,2210562,1	hcaB,2270402,2271176,1	hcaB,3170991,3171729,1	hcaB,3171725,3172490,1	hcaE,3581926,3583285,1	hcaD,3598180,3599701,-1	hcaD,6061545,6062694,-1	hcaD,6120753,6122139,-1	hcaE,6123607,6124798,-1	
NC_005085:
NC_002663:
NC_002927:hcaE,279134,280424,-1	hcaD,280459,281722,-1	hcaC,281724,282036,-1	hcaB,383759,384521,1	hcaE,545740,546922,1	hcaB,610217,610970,-1	hcaB,645188,645938,1	hcaB,682815,683565,1	hcaE,763821,765186,1	hcaB,765182,766022,1	hcaF,766014,766599,1	hcaE,1189074,1190226,1	hcaD,1191691,1192942,1	hcaB,1197703,1198501,1	hcaB,1293952,1294690,1	hcaD,1689416,1690649,1	hcaC,1694201,1694525,1	hcaE,1698207,1699449,1	hcaB,2886348,2887107,-1	hcaB,3010865,3011873,1	hcaE,3360336,3361602,-1	hcaD,3367293,3368523,-1	hcaB,3877799,3878558,1	hcaB,4051013,4051790,1	hcaE,4389555,4390872,1	hcaB,5052922,5053690,-1	hcaB,5284522,5285281,1	
NC_002678:hcaB,394917,395664,-1	hcaB,872399,873206,-1	hcaE,1101226,1102402,1	hcaB,1329892,1330732,1	hcaC,1447586,1447898,-1	hcaB,1679927,1680656,1	hcaD,2297517,2299968,1	hcaB,2416957,2417704,1	hcaB,2481497,2482280,-1	hcaB,2502528,2503308,1	hcaB,2588526,2589279,-1	hcaB,2930318,2931107,-1	hcaE,2955534,2956737,1	hcaB,3241007,3241784,-1	hcaB,3316802,3317573,1	hcaB,3420340,3421096,-1	hcaB,3762959,3763724,1	hcaB,3907073,3907844,-1	hcaC,3964643,3964958,1	hcaD,3964954,3966193,1	hcaE,4043033,4044281,-1	hcaB,4171839,4172589,-1	hcaB,4210775,4211510,1	hcaB,4211558,4212311,1	hcaD,4432625,4433879,-1	hcaB,4447070,4447832,-1	hcaB,4646966,4647719,-1	hcaB,5326316,5327078,1	hcaB,5645345,5646311,-1	hcaB,5817987,5818734,1	hcaB,5938508,5939285,-1	hcaB,6065975,6066782,-1	hcaB,6715508,6716282,-1	
NC_004463:
