hycA,a	hycB,b	hycC,c	hycD,d	hycE,e	hycF,f	hycG,g	hycH,h	hycI,i	
NC_011833:hycG,164909,165584,1	hycE,165674,167477,1	hycD,172144,173113,1	hycF,173137,173680,1	
NC_002696:
NC_002516:hycG,2983204,2983882,1	hycE,2983962,2985744,1	hycD,2990434,2991430,1	hycF,2991441,2991990,1	hycC,2992852,2994700,1	
NC_000913:hycB,943413,944031,1	hycB,1662989,1663607,1	hycB,1750344,1751013,-1	hycC,2393204,2395046,-1	hycF,2395907,2396450,-1	hycD,2396464,2397442,-1	hycE,2402054,2403845,-1	hycG,2403950,2404613,-1	hycB,2583545,2585525,-1	hycB,2601200,2601818,1	hycC,2601817,2603836,1	hycD,2603846,2604794,1	hycC,2606916,2608497,1	hycE,2608486,2610154,1	hycF,2610163,2610709,1	hycG,2610705,2611464,1	hycH,2611456,2611870,1	hycB,2837577,2838105,-1	hycI,2842572,2843043,-1	hycH,2843035,2843446,-1	hycG,2843442,2844210,-1	hycF,2844209,2844752,-1	hycE,2844761,2846471,-1	hycD,2846488,2847412,-1	hycC,2847414,2849241,-1	hycB,2849237,2849849,-1	hycA,2849973,2850435,-1	hycB,3028523,3029012,-1	hycB,3029011,3030931,-1	hycB,3741108,3741582,-1	hycB,4289807,4290479,1	
NC_004347:hycC,1048383,1050231,-1	hycF,1051094,1051637,-1	hycD,1051645,1052614,-1	hycE,1057387,1059193,-1	hycG,1059196,1059871,-1	hycE,2195165,2196869,-1	hycB,4703360,4703957,1	hycB,4708514,4709084,1	
NC_004757:
NC_003047:
NC_003062:
NC_003143:hycB,349970,351986,1	hycB,352008,352566,1	hycC,2858118,2859963,-1	hycF,2860816,2861359,-1	hycD,2861373,2862351,-1	hycE,2867126,2868923,-1	hycG,2869063,2869741,-1	hycB,3315279,3315897,1	hycB,3707061,3707679,-1	
NC_005061:hycF,538362,538908,-1	hycD,538934,539903,-1	hycE,544732,546523,-1	hycG,546652,547324,-1	
NC_007086:
NC_004578:hycG,3804270,3804945,1	hycE,3805019,3806801,1	hycD,3811507,3812515,1	hycF,3812526,3813075,1	hycC,3813896,3815750,1	
NC_002488:
NC_004310:
NC_002928:
NC_002929:
NC_003197:hycB,675979,676537,1	hycB,1047775,1048393,1	hycB,1470432,1471185,-1	hycB,1573789,1574407,-1	hycE,1885942,1887736,1	hycB,2138081,2138660,-1	hycC,2427660,2429502,-1	hycF,2430362,2430905,-1	hycD,2430919,2431897,-1	hycE,2436487,2438290,-1	hycG,2438376,2439039,-1	hycB,2589614,2591576,-1	hycB,2990122,2990668,-1	hycI,2991704,2992175,-1	hycH,2992167,2992578,-1	hycG,2992574,2993342,-1	hycF,2993341,2993884,-1	hycE,2993893,2995603,-1	hycD,2995620,2996544,-1	hycC,2996546,2998373,-1	hycB,2998372,2998981,-1	hycA,2999126,2999588,-1	hycB,3854018,3854492,-1	hycB,4518214,4518886,1	
NC_004459:
NC_004917:
NC_004603:
NC_000907:
NC_002163:
NC_003295:
NC_005090:hycB,31539,32142,-1	hycB,115868,116444,1	hycB,375663,376341,1	hycG,471682,472192,1	hycE,472998,474225,1	hycD,481046,482036,1	hycF,482041,482659,1	hycB,676315,676879,-1	hycB,697820,698423,1	hycB,725876,726575,1	hycB,889125,889935,1	hycB,1103121,1103724,1	hycB,1370381,1371035,1	hycE,1598053,1599784,-1	hycI,1726002,1726449,-1	hycG,1726811,1727642,-1	hycF,1727638,1728178,-1	hycE,1728174,1729914,-1	hycC,1729923,1731393,-1	hycD,1732043,1732961,-1	hycC,1732968,1734909,-1	hycB,1734908,1735559,-1	
NC_004741:hycB,889633,890251,1	hycB,1677247,1677865,1	hycB,1769441,1770161,-1	hycC,2380774,2382616,-1	hycF,2383477,2384020,-1	hycD,2384034,2385012,-1	hycE,2389624,2391427,-1	hycG,2391520,2392183,-1	hycB,2549681,2551661,-1	hycB,2567391,2568009,1	hycD,2570036,2570984,1	hycC,2573106,2574693,1	hycF,2576406,2576952,1	hycG,2576948,2577707,1	hycH,2577636,2578113,1	hycB,2805885,2806413,-1	hycF,2807585,2807705,-1	hycE,2807714,2809424,-1	hycD,2809441,2810365,-1	hycC,2810367,2812161,-1	hycB,2812197,2812809,-1	hycA,2812933,2813395,-1	hycB,3472582,3473254,1	hycB,4052060,4052534,1	
NC_003112:
NC_003919:
NC_002947:hycG,4656604,4657282,1	hycE,4657361,4659143,1	hycD,4663844,4664852,1	hycF,4664863,4665412,1	
NC_005085:
NC_002663:
NC_002927:
NC_002678:
NC_004463:hycF,5442538,5443045,-1	hycE,5449346,5450543,-1	hycG,5451168,5451777,-1	hycB,6033566,6034163,-1	hycC,6984972,6986985,1	hycD,6986975,6987932,1	hycE,6990066,6991578,1	hycG,6991591,6992125,1	
