focB,a	hyfA,b	hyfB,c	hyfC,d	hyfD,e	hyfE,f	hyfF,g	hyfG,h	hyfH,i	hyfI,j	hyfJ,k	hyfR,l	
NC_011833:hyfI,164909,165584,1	hyfG,165674,167477,1	hyfD,174531,176376,1	hyfF,176472,177990,1	
NC_002696:hyfR,1004669,1006037,1	hyfR,1913849,1915271,1	hyfR,1917575,1918964,1	hyfF,2135336,2136782,-1	hyfB,2136789,2138274,-1	hyfD,2138288,2140349,-1	hyfG,2148286,2149483,-1	hyfI,2150546,2151128,-1	hyfR,3564264,3565731,1	
NC_002516:hyfR,953690,955250,1	hyfD,1142060,1144862,1	hyfD,1145196,1146696,1	hyfR,1187586,1189059,1	hyfR,1190384,1191806,1	hyfR,1297308,1298709,1	hyfR,1447225,1448503,-1	hyfR,1813394,1814906,1	hyfR,2129306,2130635,1	hyfR,2192543,2193989,-1	hyfR,2601218,2602349,-1	hyfR,2605936,2607022,-1	hyfR,2750127,2751663,-1	hyfI,2983204,2983882,1	hyfG,2983962,2985744,1	hyfD,2992852,2994700,1	hyfF,2994727,2996257,1	hyfF,2996264,2997725,1	hyfR,3013927,3015481,1	hyfR,4407759,4408734,1	hyfR,4500000,4501932,-1	hyfR,4639501,4641379,-1	hyfR,5094984,5096322,1	hyfR,5129172,5130768,-1	hyfR,5306988,5308425,1	hyfR,5773376,5774807,1	hyfR,5815561,5816950,1	hyfR,6173347,6174697,1	hyfR,6203103,6204447,-1	
NC_000913:hyfR,346856,348443,-1	hyfA,943413,944031,1	focB,953608,954466,-1	hyfR,1251065,1252985,1	hyfR,1366934,1367912,-1	hyfR,1386719,1388261,1	hyfA,1662989,1663607,1	hyfA,1750344,1751013,-1	hyfR,2321865,2323251,1	hyfF,2390047,2391505,-1	hyfF,2391511,2393041,-1	hyfD,2393204,2395046,-1	hyfG,2402054,2403845,-1	hyfI,2403950,2404613,-1	hyfA,2583545,2585525,-1	hyfA,2601200,2601818,1	hyfB,2601817,2603836,1	hyfC,2603846,2604794,1	hyfD,2604810,2606250,1	hyfE,2606261,2606912,1	hyfF,2606916,2608497,1	hyfG,2608486,2610154,1	hyfH,2610163,2610709,1	hyfI,2610705,2611464,1	hyfJ,2611456,2611870,1	hyfR,2611899,2613912,1	focB,2613933,2614782,1	hyfR,2687468,2688803,-1	hyfR,2830774,2832289,-1	hyfA,2837577,2838105,-1	hyfJ,2843035,2843446,-1	hyfI,2843442,2844210,-1	hyfH,2844209,2844752,-1	hyfG,2844761,2846471,-1	hyfC,2846488,2847412,-1	hyfB,2847414,2849241,-1	hyfA,2849237,2849849,-1	hyfR,2854337,2856416,1	hyfR,3004007,3005786,-1	hyfA,3028523,3029012,-1	hyfA,3029011,3030931,-1	hyfR,3558267,3559866,1	hyfA,3741108,3741582,-1	hyfR,4053868,4055278,-1	hyfR,4203319,4204645,1	hyfA,4289807,4290479,1	
NC_004347:hyfF,1045280,1046744,-1	hyfF,1046740,1048285,-1	hyfD,1048383,1050231,-1	hyfG,1057387,1059193,-1	hyfI,1059196,1059871,-1	hyfR,1754959,1756498,1	hyfR,1896561,1897653,-1	hyfG,2195165,2196869,-1	focB,3040156,3041131,-1	hyfR,3172712,3174239,1	hyfR,3268063,3269443,1	hyfR,3368839,3370180,-1	hyfR,3371363,3372797,-1	hyfR,3812861,3814328,1	hyfR,3839102,3840530,-1	hyfR,4660683,4662099,1	hyfR,4667261,4669112,-1	hyfA,4703360,4703957,1	hyfA,4708514,4709084,1	hyfR,4922532,4923915,-1	
NC_004757:hyfR,20165,21533,1	focB,739380,740376,1	hyfR,1218821,1220180,1	hyfF,1907693,1909139,-1	hyfD,1909205,1910687,-1	hyfD,1910772,1912719,-1	hyfG,1919619,1920873,-1	hyfI,1921566,1922043,-1	hyfD,2053857,2056776,1	hyfR,2262243,2263557,-1	
NC_003047:hyfD,1085033,1087409,1	hyfI,1378614,1379193,1	hyfG,1379872,1381063,1	hyfD,1389144,1391139,1	hyfF,1391138,1392650,1	hyfF,1392669,1394112,1	hyfR,1569416,1570871,1	hyfR,1573355,1574720,1	hyfR,3005681,3007223,-1	hyfD,3143728,3146728,1	
NC_003062:hyfR,119382,120729,1	hyfD,500223,503142,-1	hyfD,898919,901289,1	hyfB,902101,903679,1	hyfI,1256554,1257160,1	hyfG,1258210,1259401,1	hyfD,1267018,1269016,1	hyfB,1269015,1270527,1	hyfF,1270545,1271988,1	hyfR,1439298,1440750,1	hyfR,1443149,1444514,1	
NC_003143:hyfR,30408,31821,-1	focB,173652,174459,-1	hyfA,349970,351986,1	hyfA,352008,352566,1	hyfR,773658,774687,1	focB,1560392,1561250,-1	hyfR,2637849,2639427,-1	hyfR,2645158,2646187,1	hyfD,2855076,2856540,-1	hyfF,2856546,2858079,-1	hyfD,2858118,2859963,-1	hyfG,2867126,2868923,-1	hyfI,2869063,2869741,-1	hyfR,3255723,3257061,-1	hyfA,3315279,3315897,1	hyfA,3707061,3707679,-1	
NC_005061:hyfF,532441,533956,-1	hyfD,535605,537483,-1	hyfG,544732,546523,-1	hyfI,546652,547324,-1	
NC_007086:hyfR,246700,248131,1	hyfD,544880,547709,-1	hyfR,826158,828201,-1	hyfR,1277217,1278621,-1	hyfR,1837157,1838252,-1	hyfI,1908822,1909398,1	hyfG,1910183,1911491,1	hyfD,1918140,1920324,1	hyfD,1920344,1921847,1	hyfD,1921883,1923344,1	hyfR,2711497,2712988,1	hyfR,3861726,3863328,1	hyfR,4356241,4357585,1	hyfR,4449652,4450954,-1	
NC_004578:hyfR,130124,131444,1	hyfR,363588,364935,1	hyfR,384710,386147,-1	hyfR,889586,890927,-1	hyfR,1047149,1048586,-1	hyfR,1407394,1408903,-1	hyfR,1522288,1523233,1	hyfR,1523278,1524187,1	hyfR,1990109,1991675,1	hyfR,2139869,2141345,1	hyfR,2142681,2144097,1	hyfR,2501880,2504172,1	hyfR,2815563,2817093,1	hyfR,3316243,3317929,1	hyfR,3425885,3427889,-1	hyfR,3531671,3532976,-1	hyfI,3804270,3804945,1	hyfG,3805019,3806801,1	hyfD,3813896,3815750,1	hyfF,3815789,3817322,1	hyfF,3817329,3818799,1	hyfR,3913276,3914383,1	hyfD,3917930,3920849,1	hyfR,4225752,4227606,1	hyfR,4704776,4706105,1	hyfR,4835206,4836541,1	hyfR,5939067,5940018,-1	hyfR,6132126,6133512,1	hyfR,6165046,6166564,-1	
NC_002488:hyfI,319591,320167,1	hyfG,320967,322275,1	hyfD,328931,331073,1	hyfD,331094,332600,1	hyfF,332634,334092,1	hyfR,1762189,1763617,-1	hyfR,2417802,2419296,-1	
NC_004310:hyfI,779735,780317,1	hyfG,781055,782246,1	hyfD,789173,791159,1	hyfB,791158,792667,1	hyfF,792688,794125,1	hyfR,1090721,1092083,-1	hyfR,1094499,1095975,-1	
NC_002928:hyfR,1425367,1427236,-1	hyfA,2073026,2073656,1	hyfR,2548063,2549455,1	hyfR,2850642,2852049,1	hyfR,3001837,3003766,1	hyfR,3210649,3212140,-1	hyfD,3318787,3321721,-1	hyfB,3642568,3644053,-1	hyfD,3644063,3645566,-1	hyfD,3645562,3647575,-1	hyfG,3654392,3655649,-1	hyfI,3656349,3656826,-1	
NC_002929:hyfI,870967,871444,1	hyfG,872144,873401,1	hyfD,880218,882231,1	hyfD,882230,883730,1	hyfB,883740,885225,1	hyfR,1677467,1678955,1	hyfD,1775424,1778358,1	hyfR,2116323,2117715,1	hyfR,2279198,2281064,1	
NC_003197:hyfR,416086,417712,-1	hyfR,629329,632059,1	hyfR,714544,716473,1	hyfA,1047775,1048393,1	focB,1057437,1058295,-1	hyfA,1470432,1471185,-1	hyfA,1573789,1574407,-1	hyfR,1776179,1777721,-1	hyfR,1782585,1783566,1	hyfA,2138081,2138660,-1	hyfF,2424353,2425811,-1	hyfF,2425817,2427347,-1	hyfD,2427660,2429502,-1	hyfG,2436487,2438290,-1	hyfI,2438376,2439039,-1	hyfR,2472872,2474300,1	hyfR,2507260,2508508,-1	hyfA,2589614,2591576,-1	hyfR,2704073,2705411,-1	hyfR,2983364,2984885,-1	hyfA,2990122,2990668,-1	hyfJ,2992167,2992578,-1	hyfI,2992574,2993342,-1	hyfH,2993341,2993884,-1	hyfG,2993893,2995603,-1	hyfC,2995620,2996544,-1	hyfB,2996546,2998373,-1	hyfA,2998372,2998981,-1	hyfR,3003701,3005780,1	hyfR,3684867,3686451,1	hyfA,3854018,3854492,-1	hyfR,3972548,3975347,-1	hyfR,4212856,4214266,-1	hyfR,4389838,4391164,1	hyfA,4518214,4518886,1	hyfA,4554322,4554949,1	hyfR,4792066,4794832,1	
NC_004459:
NC_004917:hyfF,1518369,1519848,-1	hyfB,1519849,1521427,-1	hyfD,1521423,1523301,-1	hyfG,1529278,1530508,-1	hyfI,1531261,1531771,-1	hyfR,1560221,1561532,1	
NC_004603:
NC_000907:
NC_002163:
NC_003295:hyfR,243895,245503,-1	hyfR,364558,365875,1	hyfR,1249453,1250830,-1	hyfR,1340120,1341629,1	hyfF,2221197,2222670,-1	hyfD,2222689,2224156,-1	hyfD,2224169,2226230,-1	hyfG,2233215,2234469,-1	hyfI,2235086,2235569,-1	hyfA,2574703,2575399,-1	hyfR,3019471,3021184,-1	hyfR,3374672,3376586,1	
NC_005090:hyfA,31539,32142,-1	hyfR,361540,362854,1	hyfI,471682,472192,1	hyfG,472998,474225,1	hyfD,483529,485377,1	hyfD,485380,486901,1	hyfF,486900,488391,1	hyfA,697820,698423,1	hyfA,1103121,1103724,1	hyfR,1341834,1343373,1	hyfD,1685673,1687212,1	hyfI,1726811,1727642,-1	hyfH,1727638,1728178,-1	hyfG,1728174,1729914,-1	hyfF,1729923,1731393,-1	hyfE,1731394,1732042,-1	hyfC,1732043,1732961,-1	hyfB,1732968,1734909,-1	hyfA,1734908,1735559,-1	
NC_004741:hyfA,889633,890251,1	focB,939995,940853,-1	hyfR,1247577,1249506,1	hyfR,1360946,1361924,-1	hyfR,1381479,1383021,1	hyfA,1677247,1677865,1	hyfA,1769441,1770161,-1	hyfF,2377617,2379075,-1	hyfF,2379081,2380611,-1	hyfD,2380774,2382616,-1	hyfG,2389624,2391427,-1	hyfI,2391520,2392183,-1	hyfA,2549681,2551661,-1	hyfA,2567391,2568009,1	hyfC,2570036,2570984,1	hyfD,2571000,2572440,1	hyfE,2572451,2573102,1	hyfF,2573106,2574693,1	hyfH,2576406,2576952,1	hyfI,2576948,2577707,1	hyfJ,2577636,2578113,1	hyfR,2665926,2667261,-1	hyfR,2799082,2800597,-1	hyfA,2805885,2806413,-1	hyfG,2807714,2809424,-1	hyfC,2809441,2810365,-1	hyfB,2810367,2812161,-1	hyfA,2812197,2812809,-1	hyfR,2817297,2819376,1	hyfA,3472582,3473254,1	hyfR,3549613,3550939,-1	hyfR,3705252,3706662,1	hyfA,4052060,4052534,1	hyfR,4241587,4243186,-1	
NC_003112:hyfI,246960,247443,1	hyfG,248038,249295,1	hyfD,259502,261527,1	hyfD,261622,263119,1	
NC_003919:hyfR,255677,257105,1	hyfR,274393,275740,1	hyfD,549783,552612,-1	hyfR,773461,775447,-1	hyfR,1004255,1005383,-1	hyfR,1285127,1286726,-1	hyfR,2298596,2300081,-1	hyfD,2543778,2545350,1	hyfD,3150585,3152046,-1	hyfD,3152079,3153582,-1	hyfD,3153602,3155747,-1	hyfG,3162396,3163704,-1	hyfI,3164489,3165065,-1	hyfR,3814655,3816110,1	hyfR,4321064,4323764,1	hyfR,4407381,4408695,-1	
NC_002947:hyfR,59315,60608,-1	hyfR,140498,141845,-1	hyfR,316521,317928,-1	hyfR,633530,635708,1	hyfR,646375,648229,1	hyfR,945809,947366,-1	hyfR,1135463,1136972,-1	hyfR,1219974,1221303,-1	hyfR,1595671,1597006,-1	hyfD,2536119,2539035,-1	hyfR,2576615,2578391,-1	hyfR,3155155,3156259,-1	hyfR,3178717,3180670,-1	hyfR,3458912,3460358,-1	hyfR,3869487,3870915,-1	hyfR,3933498,3935409,-1	hyfR,3973143,3974469,-1	hyfI,4656604,4657282,1	hyfG,4657361,4659143,1	hyfD,4666231,4668085,1	hyfF,4668125,4669658,1	hyfF,4669665,4671135,1	hyfR,4961080,4962436,-1	hyfR,4963880,4965356,-1	hyfR,5100064,5101624,-1	hyfR,5336548,5337991,1	hyfR,5754877,5756314,1	hyfR,5891783,5892614,-1	
NC_005085:hyfR,83599,84913,-1	hyfR,406607,408392,-1	hyfR,712429,713764,-1	hyfI,976134,976611,1	hyfG,977210,978464,1	hyfD,985167,987219,1	hyfD,987259,988759,1	hyfF,988780,990235,1	hyfR,1084834,1086442,-1	hyfI,2991364,2991880,1	hyfR,3422947,3424324,-1	hyfR,3430569,3432897,-1	hyfR,3900167,3901580,1	hyfR,4554606,4555947,1	hyfR,4592279,4593548,-1	
NC_002663:
NC_002927:hyfR,1939398,1940790,1	hyfA,2271580,2272210,1	hyfR,2543457,2545326,-1	hyfR,3018936,3020325,-1	hyfR,3020644,3021583,1	hyfR,3138427,3139918,-1	hyfD,3246992,3249926,-1	hyfR,3334856,3336785,1	hyfB,4057789,4059274,-1	hyfD,4059284,4060787,-1	hyfD,4060783,4062796,-1	hyfG,4069613,4070870,-1	hyfI,4071570,4072047,-1	
NC_002678:hyfR,283176,284637,1	hyfR,287043,288405,1	hyfF,1131758,1133195,-1	hyfB,1133213,1134719,-1	hyfD,1134718,1136692,-1	hyfG,1144811,1146002,-1	hyfI,1146621,1147224,-1	hyfR,2408139,2409675,-1	hyfR,4710341,4712165,-1	hyfR,4717619,4718987,1	hyfR,4730372,4732124,-1	hyfR,5978830,5980213,1	
NC_004463:hyfR,966859,968302,-1	hyfR,2049192,2051052,1	hyfR,2196191,2198009,1	focB,3078880,3079783,-1	hyfR,4074868,4076935,1	hyfR,4139586,4140963,1	hyfR,4969322,4970765,1	hyfR,4973701,4975072,1	hyfD,5436355,5437792,-1	hyfF,5437814,5439323,-1	hyfD,5439323,5441396,-1	hyfG,5449346,5450543,-1	hyfI,5451168,5451777,-1	hyfA,6033566,6034163,-1	hyfR,6297406,6299338,1	hyfB,6984972,6986985,1	hyfC,6986975,6987932,1	hyfF,6988596,6990048,1	hyfG,6990066,6991578,1	hyfI,6991591,6992125,1	hyfR,7621366,7622824,-1	hyfR,7711384,7712770,1	hyfR,7848870,7850370,1	hyfR,8022267,8024151,-1	
