fhlA,a	hypA,b	hypB,c	hypC,d	hypD,e	hypE,f	
NC_011833:
NC_002696:
NC_002516:
NC_000913:fhlA,346856,348443,-1	fhlA,1251065,1252985,1	fhlA,1366934,1367912,-1	fhlA,1386719,1388261,1	fhlA,2321865,2323251,1	fhlA,2611899,2613912,1	fhlA,2687468,2688803,-1	fhlA,2830774,2832289,-1	hypA,2850646,2850997,1	hypB,2851000,2851873,1	hypC,2851863,2852136,1	hypD,2852135,2853257,1	hypE,2853253,2854264,1	fhlA,2854337,2856416,1	fhlA,3004007,3005786,-1	hypC,3139715,3139964,-1	hypA,3139976,3140318,-1	fhlA,3558267,3559866,1	fhlA,4053868,4055278,-1	fhlA,4203319,4204645,1	
NC_004347:fhlA,1754959,1756498,1	fhlA,1896561,1897653,-1	hypE,2186023,2187043,-1	hypD,2187035,2188175,-1	hypB,2188482,2189277,-1	fhlA,3172712,3174239,1	fhlA,3268063,3269443,1	fhlA,3368839,3370180,-1	fhlA,3371363,3372797,-1	fhlA,3812861,3814328,1	fhlA,3839102,3840530,-1	fhlA,4660683,4662099,1	fhlA,4667261,4669112,-1	fhlA,4922532,4923915,-1	
NC_004757:
NC_003047:
NC_003062:
NC_003143:
NC_005061:
NC_007086:
NC_004578:fhlA,130124,131444,1	fhlA,363588,364935,1	fhlA,384710,386147,-1	fhlA,889586,890927,-1	fhlA,1047149,1048586,-1	fhlA,1407394,1408903,-1	fhlA,1522288,1523233,1	fhlA,1523278,1524187,1	fhlA,1990109,1991675,1	fhlA,2139869,2141345,1	fhlA,2142681,2144097,1	fhlA,2501880,2504172,1	fhlA,2815563,2817093,1	fhlA,3316243,3317929,1	fhlA,3425885,3427889,-1	fhlA,3531671,3532976,-1	fhlA,3913276,3914383,1	fhlA,4225752,4227606,1	fhlA,4704776,4706105,1	fhlA,4835206,4836541,1	fhlA,5939067,5940018,-1	fhlA,6132126,6133512,1	fhlA,6165046,6166564,-1	
NC_002488:
NC_004310:
NC_002928:
NC_002929:
NC_003197:fhlA,416086,417712,-1	fhlA,629329,632059,1	fhlA,714544,716473,1	hypA,1607673,1608015,-1	fhlA,1776179,1777721,-1	fhlA,1782585,1783566,1	fhlA,2472872,2474300,1	fhlA,2507260,2508508,-1	fhlA,2704073,2705411,-1	fhlA,2983364,2984885,-1	hypA,2999797,3000154,1	hypB,3000222,3001095,1	hypC,3001085,3001358,1	hypD,3001357,3002476,1	hypE,3002472,3003483,1	fhlA,3003701,3005780,1	hypC,3307201,3307450,-1	hypA,3307477,3307819,-1	fhlA,3684867,3686451,1	fhlA,3972548,3975347,-1	fhlA,4212856,4214266,-1	fhlA,4389838,4391164,1	fhlA,4792066,4794832,1	
NC_004459:
NC_004917:hypE,316795,317803,-1	hypD,319507,320650,-1	hypC,321409,321670,-1	hypB,321679,322408,-1	fhlA,1560221,1561532,1	
NC_004603:
NC_000907:
NC_002163:hypB,584093,584837,1	hypD,585101,586193,1	hypE,586189,587164,1	hypA,587163,587508,1	fhlA,955268,956570,-1	
NC_003295:
NC_005090:fhlA,361540,362854,1	hypB,752309,753017,1	hypC,752994,753258,1	hypD,753254,754376,1	hypE,756105,757107,1	fhlA,1341834,1343373,1	
NC_004741:fhlA,1247577,1249506,1	fhlA,1360946,1361924,-1	fhlA,1381479,1383021,1	fhlA,2665926,2667261,-1	fhlA,2799082,2800597,-1	hypA,2813594,2813957,1	hypB,2813960,2814833,1	hypC,2814823,2815096,1	hypD,2815095,2816217,1	hypE,2816255,2817224,1	fhlA,2817297,2819376,1	hypC,3123695,3123944,-1	hypA,3124077,3124419,-1	fhlA,3549613,3550939,-1	fhlA,3705252,3706662,1	fhlA,4241587,4243186,-1	
NC_003112:
NC_003919:
NC_002947:
NC_005085:
NC_002663:
NC_002927:fhlA,1939398,1940790,1	fhlA,2543457,2545326,-1	fhlA,3018936,3020325,-1	fhlA,3020644,3021583,1	fhlA,3138427,3139918,-1	fhlA,3334856,3336785,1	
NC_002678:
NC_004463:fhlA,966859,968302,-1	hypA,1896044,1896386,1	hypB,1896385,1896898,1	hypB,1896843,1897197,1	hypD,1900380,1901532,1	hypE,1901528,1902575,1	fhlA,2049192,2051052,1	fhlA,2196191,2198009,1	fhlA,4074868,4076935,1	fhlA,4139586,4140963,1	fhlA,4969322,4970765,1	fhlA,4973701,4975072,1	fhlA,6297406,6299338,1	fhlA,7621366,7622824,-1	hypE,7624530,7625571,-1	hypD,7625567,7626710,-1	hypB,7629200,7630109,-1	hypA,7630108,7630450,-1	fhlA,7711384,7712770,1	fhlA,7848870,7850370,1	fhlA,8022267,8024151,-1	
