ilvB,a	ilvN,b	ivbL,c	uhpA,d	uhpB,e	uhpC,f	
NC_011833:
NC_002696:
NC_002516:uhpA,36277,36901,-1	uhpA,662753,663386,1	uhpC,1234815,1236150,-1	uhpA,1518913,1519546,1	ilvB,1541144,1542746,-1	ilvB,1630901,1632677,-1	uhpC,1709820,1711191,-1	uhpB,2165212,2165863,1	uhpA,2165875,2166553,1	ilvB,2224485,2226144,-1	ilvB,2318794,2320567,1	uhpA,2627451,2628093,1	uhpA,2925787,2926432,-1	uhpA,3253765,3254404,-1	uhpA,3408559,3409183,-1	ilvB,3922083,3923766,-1	uhpA,4038387,4039041,-1	uhpA,4160328,4160970,1	uhpA,4346874,4347534,1	uhpA,4428411,4429041,1	uhpA,4559005,4559650,-1	ilvB,4676281,4677925,-1	ilvB,5274007,5275732,-1	ilvB,5498739,5500326,-1	ilvB,5587573,5589253,-1	uhpC,5892909,5894256,1	ilvB,5964858,5966577,1	
NC_000913:ilvB,85629,87354,1	ilvB,533915,535697,1	uhpA,563847,564480,-1	ilvB,909330,911049,-1	uhpA,1275178,1275829,-1	uhpA,1994702,1995359,-1	uhpA,2290499,2291147,1	uhpA,2316176,2316827,1	uhpC,2351015,2352374,-1	uhpA,2483754,2484369,1	ilvB,2490255,2491950,-1	uhpC,3845775,3847167,-1	uhpC,3847304,3848624,-1	uhpB,3848633,3850136,-1	uhpA,3850135,3850726,-1	ilvN,3850801,3851092,-1	ilvB,3851095,3852784,-1	uhpC,4593360,4594722,-1	
NC_004347:uhpA,358577,359174,-1	uhpA,1473205,1473805,-1	uhpA,1951807,1952452,1	ilvN,2389367,2389862,-1	ilvB,2389861,2391580,-1	uhpA,2785219,2785882,1	ilvB,3397807,3399553,1	uhpA,4119645,4120275,1	uhpA,4332030,4332639,1	ilvB,4539498,4541157,-1	uhpA,4632042,4632681,-1	ilvB,4766996,4768718,1	
NC_004757:ilvN,1444123,1444615,-1	ilvB,1444619,1446323,-1	
NC_003047:
NC_003062:
NC_003143:uhpA,255038,255671,-1	ilvB,584016,585744,1	uhpA,1376532,1377186,-1	ilvB,1521956,1523678,-1	uhpA,1798091,1798721,-1	uhpA,2111797,2112454,1	uhpA,2182011,2182644,-1	ilvB,2578382,2580065,1	ilvN,2580066,2580369,1	ilvB,2898316,2900263,1	uhpA,3395129,3395759,1	ilvB,4373428,4375075,-1	uhpC,4517878,4519210,-1	uhpA,4522789,4523380,-1	
NC_005061:
NC_007086:
NC_004578:
NC_002488:
NC_004310:
NC_002928:
NC_002929:
NC_003197:ilvB,135897,137559,1	ilvB,577466,579248,1	uhpA,610255,610888,-1	ilvB,1010106,1011825,-1	uhpA,1473083,1473722,1	uhpA,1476166,1476805,-1	uhpC,1618319,1619606,-1	uhpA,1866070,1866721,1	uhpA,2038246,2038903,-1	uhpC,2295184,2296507,1	uhpA,2346701,2347349,1	uhpA,2369993,2370644,1	uhpC,2388604,2389963,-1	uhpC,2512129,2513521,1	ilvB,2520387,2522040,-1	uhpC,3986179,3987571,-1	uhpC,3987713,3989042,-1	uhpB,3989051,3990554,-1	uhpA,3990553,3991144,-1	ilvN,3995622,3995913,-1	ilvB,3995916,3997605,-1	uhpC,4029212,4030550,-1	ilvB,4108972,4110619,1	
NC_004459:ilvN,666738,667233,-1	ilvB,667234,668959,-1	ilvB,1034359,1036006,-1	uhpA,1230102,1230738,-1	uhpA,2253835,2254474,1	uhpA,3123639,3124284,-1	
NC_004917:
NC_004603:ilvB,348279,350004,1	ilvN,350005,350500,1	uhpA,1264908,1265505,1	uhpA,1992130,1992769,-1	uhpA,2037467,2038112,-1	uhpA,2103437,2104049,-1	uhpC,2498167,2499538,-1	uhpA,3034504,3035134,1	ilvB,3265146,3266793,1	
NC_000907:uhpC,730071,731514,1	uhpA,777974,778601,-1	ilvB,791771,792569,1	ilvN,1651322,1651814,-1	ilvB,1651813,1653535,-1	
NC_002163:
NC_003295:uhpB,212252,213629,1	uhpA,213631,214279,1	uhpA,324172,324805,-1	ilvB,1311669,1313553,-1	ilvB,1440420,1442166,1	uhpA,1713732,1714365,-1	ilvB,2249826,2251584,-1	uhpA,2512808,2513525,-1	uhpA,2661422,2662088,1	uhpA,3314559,3315228,1	uhpA,3417458,3418154,-1	ilvB,3530895,3532671,1	uhpA,3653513,3654161,1	
NC_005090:ilvN,100005,100476,-1	ilvB,100479,102168,-1	
NC_004741:ilvB,82956,84681,1	ilvB,463447,465229,1	ilvB,853383,855102,-1	uhpA,1270705,1271356,-1	uhpA,1967640,1968297,-1	uhpA,2291957,2292605,1	uhpA,2317036,2317687,1	uhpC,2347226,2348585,-1	uhpA,2464956,2465571,1	ilvB,2471456,2473151,-1	ilvB,3811646,3813293,-1	uhpC,3867639,3869031,-1	uhpC,3869168,3870488,-1	uhpB,3870497,3872000,-1	uhpA,3871999,3872590,-1	ilvN,3872664,3872955,-1	ilvB,3872958,3874647,-1	ilvN,4381754,4381871,-1	uhpC,4551810,4553172,-1	
NC_003112:uhpA,1256707,1257364,1	ilvN,1637372,1637864,-1	ilvB,1637874,1639602,-1	
NC_003919:
NC_002947:uhpA,498524,499154,1	uhpA,1249101,1249725,1	ilvB,1330773,1332417,1	ilvB,1589207,1590845,1	uhpA,1832007,1832658,1	uhpC,1909467,1910808,-1	uhpA,2399655,2400279,-1	uhpA,2425299,2425959,-1	uhpC,2893007,2894324,1	uhpA,3053241,3053907,-1	uhpA,3059992,3060631,1	uhpC,3238866,3240177,1	ilvB,3808051,3809695,-1	uhpA,3860446,3861061,1	uhpA,4026377,4027010,-1	uhpC,4089945,4091310,1	uhpA,4239385,4240285,-1	uhpA,4635112,4635751,-1	ilvB,4886940,4888716,1	ilvN,5317153,5317645,-1	ilvB,5317646,5319371,-1	uhpA,5978114,5979107,-1	
NC_005085:
NC_002663:ilvN,1022249,1022741,-1	ilvB,1022733,1024458,-1	uhpC,1529873,1531166,-1	uhpB,1531165,1532731,-1	uhpA,1532693,1533293,-1	uhpC,1533363,1534743,-1	uhpC,1629581,1631027,1	ilvB,1838435,1840085,-1	uhpA,2038625,2039255,-1	
NC_002927:
NC_002678:
NC_004463:uhpA,255239,255911,1	uhpA,347184,347868,-1	uhpA,419102,419738,-1	uhpA,1297336,1297981,1	uhpA,1309152,1309824,1	uhpA,1878985,1879669,-1	uhpA,2544366,2544732,1	ilvB,2947070,2947487,1	uhpA,3037151,3037769,-1	ilvB,3268956,3270582,-1	ilvB,3427332,3428967,-1	ilvB,3491796,3493530,-1	ilvB,3503726,3505517,1	ilvB,3508204,3508813,-1	uhpA,3835607,3836288,1	ilvB,4456241,4457906,1	uhpA,5289490,5290156,1	uhpA,5832386,5833049,1	uhpA,5849952,5850612,-1	uhpB,6247189,6248560,1	uhpA,6248567,6249221,1	uhpC,6447471,6448815,1	uhpA,6471690,6472344,-1	uhpA,6807657,6808377,1	uhpA,6920358,6921183,-1	ilvB,7063678,7065307,1	ilvB,7159972,7161748,-1	ilvB,7510436,7512098,-1	uhpA,7674015,7674801,-1	uhpA,7726445,7727108,1	uhpA,7798559,7799180,-1	ilvB,7951977,7953588,-1	ilvB,7972075,7973698,1	ilvB,8016778,8018515,-1	uhpA,8039918,8040554,-1	uhpA,8040722,8041400,-1	ilvB,8344110,8345772,-1	uhpA,8843415,8844036,1	
