leuA,a	leuB,b	leuC,c	leuD,d	leuL,e	
NC_011833:
NC_002696:leuB,206988,208041,-1	leuD,208486,209095,-1	leuC,209091,210531,-1	leuA,1704407,1705982,1	leuC,3921337,3924025,-1	
NC_002516:leuC,870248,872855,-1	leuA,1318146,1319514,-1	leuC,1700319,1703052,-1	leuC,1935034,1937644,-1	leuB,2965545,2966802,-1	leuB,3500667,3501750,-1	leuD,3502641,3503280,-1	leuC,3503291,3504716,-1	leuA,4250827,4252606,1	
NC_000913:leuD,78847,79453,-1	leuC,79463,80864,-1	leuB,80866,81958,-1	leuA,81957,83529,-1	leuL,83621,83708,-1	leuC,131614,134212,1	leuB,1195122,1196373,1	leuC,1335830,1338506,1	leuB,1881911,1882997,1	
NC_004347:leuC,347543,350147,-1	leuC,455780,458378,1	leuB,1611931,1612939,-1	leuD,4410426,4411032,-1	leuC,4411056,4412481,-1	leuB,4412480,4413575,-1	leuA,4413626,4415195,-1	
NC_004757:leuC,744035,745448,1	leuD,745615,746281,1	leuB,746277,747348,1	leuC,1089056,1091903,-1	leuA,1439776,1441309,-1	leuB,1865345,1866593,1	
NC_003047:
NC_003062:leuA,2236658,2238368,-1	leuC,2668228,2670922,-1	leuC,2693583,2694993,1	leuD,2791644,2792250,1	leuB,2792471,2793584,1	
NC_003143:leuD,573631,574234,-1	leuC,574248,575679,-1	leuB,575680,576772,-1	leuA,576774,578337,-1	leuB,1866222,1867476,1	leuC,2496566,2499239,1	leuB,2804778,2805876,-1	leuC,3813159,3815757,-1	
NC_005061:leuD,149335,149950,-1	leuC,149983,151384,-1	leuB,151395,152490,-1	leuA,152513,154073,-1	
NC_007086:leuC,1002117,1003557,1	leuD,1003621,1004269,1	leuB,1005088,1006162,1	leuA,1007239,1008802,-1	leuC,2810925,2813517,-1	leuC,2814379,2817148,1	leuC,3856661,3859256,-1	leuB,3913682,3914690,-1	
NC_004578:leuA,1582911,1584669,-1	leuC,2202960,2205705,-1	leuC,2392729,2394157,1	leuD,2394153,2394795,1	leuB,2394941,2396024,1	leuC,2530832,2533424,1	leuB,2958421,2959516,-1	leuB,3598221,3599412,-1	leuC,4239240,4241841,1	
NC_002488:leuC,302001,304728,-1	leuC,305595,308256,1	leuA,1732584,1734144,-1	leuB,2248374,2249448,-1	leuD,2250031,2250679,-1	leuC,2250888,2252313,-1	leuB,2476490,2477498,1	
NC_004310:
NC_002928:leuC,594111,595422,-1	leuC,1199221,1201906,1	leuC,2079270,2080704,1	leuD,2080718,2081369,1	leuB,2081423,2082527,1	leuC,2556921,2559627,-1	leuC,2565189,2567781,-1	leuB,2613234,2614302,1	leuD,2883251,2883860,-1	leuA,2999538,3000465,-1	leuC,3489507,3492102,1	leuB,3758279,3759536,-1	leuC,3945838,3947101,1	leuD,3947097,3947613,1	leuB,4401767,4402859,1	leuA,4671849,4673556,1	
NC_002929:leuA,128377,130078,-1	leuD,1431472,1432081,-1	leuC,1557744,1559148,1	leuD,1559162,1559813,1	leuB,1559894,1560971,1	leuC,2125146,2127852,-1	leuC,2134462,2137054,-1	leuB,2412188,2413256,-1	leuC,2506903,2509498,1	leuB,2636445,2637702,-1	
NC_003197:leuD,129056,129662,-1	leuC,129672,131073,-1	leuB,131075,132167,-1	leuA,132166,133738,-1	leuC,185856,188454,1	leuC,372772,374194,1	leuD,374195,374822,1	leuB,1324384,1325635,1	leuC,1804754,1807430,-1	
NC_004459:leuA,675916,677464,1	leuB,677550,678642,1	leuC,678661,680062,1	leuD,680073,680676,1	leuC,1623664,1626262,1	leuC,2790069,2792685,-1	
NC_004917:leuB,1101726,1102677,-1	leuD,1102816,1103314,-1	leuC,1103369,1104632,-1	leuA,1104647,1106324,-1	leuC,1660704,1663284,-1	
NC_004603:leuD,336216,336819,-1	leuC,336830,338246,-1	leuB,338336,339428,-1	leuA,339510,341058,-1	leuC,1762625,1765217,-1	leuC,2630404,2633002,-1	
NC_000907:leuA,1043354,1044902,1	leuB,1044987,1046064,1	leuC,1046239,1047649,1	leuD,1047672,1048275,1	
NC_002163:leuC,782128,784675,-1	leuD,1627316,1627919,-1	leuC,1627920,1629333,-1	leuB,1629319,1630396,-1	leuA,1630392,1631928,-1	
NC_003295:leuB,2164944,2166036,-1	leuD,2166045,2166696,-1	leuC,2166715,2168125,-1	leuC,2180148,2182854,1	leuA,2244696,2246238,-1	
NC_005090:leuC,545405,546674,-1	leuA,609361,610921,1	leuC,1134697,1137259,-1	leuA,1334666,1335797,-1	leuD,1709100,1709604,1	leuB,1709551,1710685,1	
NC_004741:leuD,76175,76781,-1	leuC,76791,78192,-1	leuB,78194,79286,-1	leuA,79285,80857,-1	leuL,80949,81036,-1	leuC,129352,131950,1	leuB,1199199,1200450,1	leuC,1329981,1332657,1	
NC_003112:leuC,443556,446163,1	leuB,1045765,1046836,-1	leuD,1049062,1049704,-1	leuC,1050116,1051526,-1	leuA,1090514,1092068,1	leuC,1631973,1634559,1	
NC_003919:leuB,1206999,1208007,1	leuC,1289143,1291735,1	leuC,2185200,2187969,-1	leuC,2188823,2191415,1	leuA,4076379,4077942,1	leuB,4078299,4079373,-1	leuD,4079466,4080114,-1	leuC,4080185,4081625,-1	
NC_002947:leuA,1168733,1170407,-1	leuC,2250666,2252100,1	leuD,2252096,2252741,1	leuB,2253678,2254761,1	leuC,2408702,2411444,-1	leuC,2664134,2666723,1	leuC,2669704,2672314,-1	leuB,4520479,4521736,-1	
NC_005085:leuA,632716,634255,1	leuC,1172713,1175386,1	leuC,2240932,2243539,-1	leuD,2340984,2341623,-1	leuC,2341619,2343050,-1	leuC,2655474,2658063,-1	leuB,3014382,3015447,-1	leuD,3017010,3017649,-1	leuC,3017995,3019411,-1	
NC_002663:leuC,227887,230494,-1	leuD,2197830,2198436,-1	leuC,2198638,2200045,-1	leuB,2200385,2201465,-1	leuA,2201574,2203131,-1	
NC_002927:leuC,595115,596426,-1	leuB,1096603,1097716,-1	leuD,1097719,1098349,-1	leuC,1098389,1099784,-1	leuC,1431237,1433922,1	leuC,1948257,1950963,-1	leuC,1956525,1959117,-1	leuB,2005128,2006196,1	leuC,2277824,2279258,1	leuD,2279272,2279923,1	leuB,2280004,2281081,1	leuC,2979511,2980939,1	leuD,2980940,2981549,1	leuA,3332557,3333484,-1	leuC,3905950,3908545,1	leuB,4172233,4173490,-1	leuC,4343950,4345213,1	leuD,4345209,4345725,1	leuB,4836918,4838010,1	leuA,5233524,5235231,1	
NC_002678:
NC_004463:leuB,446837,448004,-1	leuD,447973,448609,-1	leuC,448609,450148,-1	leuC,505493,508214,-1	leuC,527751,529158,1	leuD,532270,532876,1	leuB,539558,540671,-1	leuB,3013416,3014514,1	leuB,3059876,3060983,1	leuB,3209403,3210477,1	leuA,4202735,4204349,1	leuB,6964434,6965514,-1	leuA,7083793,7085356,-1	leuB,7236388,7237462,1	
