menB,a	menC,b	menD,c	menE,d	menF,e	menH,f	
NC_011833:
NC_002696:menB,4021,4810,1	menE,205173,206793,-1	menB,418500,419271,1	menE,1020088,1023109,1	menB,1052775,1053660,1	menE,1072201,1073794,1	menE,1472510,1474262,1	menB,1505759,1506812,1	menB,1894994,1895765,-1	menE,2003301,2004936,-1	menB,2006797,2007625,-1	menB,2047841,2048645,1	menF,2091404,2092946,1	menB,2373891,2374680,-1	menE,2604240,2605731,-1	menB,2605774,2606602,-1	menB,2784811,2785609,-1	menF,3175409,3176984,-1	menB,3313429,3314161,-1	menE,3433085,3434639,-1	menB,3434731,3436810,-1	
NC_002516:menF,670979,672458,1	menB,812444,813263,-1	menE,1078461,1080015,1	menB,1106999,1107761,1	menE,1315915,1317202,-1	menB,1772654,1773440,-1	menB,1880198,1882343,1	menF,1897289,1898651,-1	menB,1980164,1980977,1	menB,2202648,2203446,-1	menE,2671728,2687178,-1	menE,2707665,2720694,-1	menE,2890355,2892050,-1	menB,3195899,3196691,1	menB,3243504,3244299,1	menE,3695510,3697199,-1	menE,3697433,3699122,-1	menE,3730556,3737615,1	menB,3835578,3836349,-1	menB,4024728,4025526,-1	menE,4318921,4320820,-1	menE,4398258,4399941,-1	menE,4696280,4697903,1	menE,4742423,4744067,1	menF,4745120,4746551,1	menB,4858489,4859263,-1	menB,5592632,5593424,-1	
NC_000913:menB,35376,36162,-1	menE,36270,37824,-1	menF,624884,626060,1	menE,626069,627680,1	menF,1321383,1322946,-1	menB,1457496,1458264,1	menB,1458263,1459052,1	menE,1783030,1784677,1	menE,1888060,1889746,-1	menF,1894804,1896166,1	menE,2373647,2375003,-1	menC,2374999,2375962,-1	menB,2375961,2376819,-1	menD,2377588,2379259,-1	menF,2379347,2380643,-1	menB,2457014,2459159,-1	menB,3063992,3064778,1	
NC_004347:menB,24492,26643,-1	menE,87060,88854,1	menB,592180,592987,1	menB,1767384,1768158,1	menB,1992514,1993381,-1	menE,2075394,2077131,1	menF,2335515,2336919,-1	menE,2707889,2709563,-1	menF,3129861,3131586,1	menB,3210695,3212813,-1	menE,3816569,3818168,1	menB,4055192,4055930,1	menD,4766996,4768718,1	menC,4769568,4770693,1	menE,4770700,4772146,1	menF,4916557,4917916,1	menB,4950021,4950924,1	
NC_004757:
NC_003047:
NC_003062:
NC_003143:menE,581751,583557,1	menE,869171,871328,-1	menB,1652092,1652854,1	menF,2019158,2020535,-1	menF,2168364,2169669,1	menE,2354491,2356180,1	menF,2482591,2484157,-1	menE,2831892,2833308,-1	menC,2833295,2834267,-1	menB,2834266,2835124,-1	menD,2835952,2837656,-1	menF,2837883,2839251,-1	menB,3078056,3080381,1	
NC_005061:
NC_007086:
NC_004578:menF,623638,625120,1	menE,1257916,1259599,1	menE,2341851,2348307,1	menF,2522821,2524165,-1	menF,2868540,2869950,-1	menE,2870282,2871851,-1	menB,3018616,3019429,1	menB,3041109,3041958,-1	menB,3307572,3308403,-1	menB,3555899,3556673,-1	menE,4616448,4618140,-1	menE,4618495,4620184,-1	menE,5088444,5093706,1	menE,5282596,5284126,1	
NC_002488:
NC_004310:
NC_002928:menE,359631,361182,-1	menB,381991,382807,1	menE,485297,486872,1	menB,559830,560616,1	menB,569355,570126,1	menE,574602,576303,-1	menB,582181,582952,-1	menB,612478,613285,1	menB,624303,625077,1	menE,634988,636497,1	menB,662239,663097,-1	menB,665964,666744,1	menB,670337,671096,1	menE,687643,689152,1	menB,691789,692623,-1	menB,695292,696093,-1	menB,825812,826646,1	menB,981783,982557,-1	menE,982601,984221,-1	menB,986455,987244,-1	menB,987263,988061,-1	menB,1007752,1008556,1	menE,1028890,1030381,-1	menB,1082468,1083260,1	menB,1788876,1789665,1	menB,1872123,1872930,1	menE,1872935,1874477,1	menB,2153384,2154188,1	menB,2175095,2175905,-1	menE,2180953,2182819,1	menB,2253967,2254735,1	menE,2489439,2491113,-1	menB,2826666,2827461,1	menB,2920341,2922426,-1	menB,2923441,2924242,-1	menB,2924270,2925029,-1	menB,3025879,3026695,-1	menB,3311833,3312628,1	menE,3498957,3500622,1	menB,3799368,3800181,-1	menB,3943099,3943867,-1	menE,4031181,4032873,-1	menE,4117689,4119354,1	menB,4125040,4125826,-1	menB,4343945,4344758,1	menB,4450938,4451676,1	menB,4479078,4479855,-1	menF,4490531,4492100,1	menB,4550269,4552387,-1	
NC_002929:menB,32214,33006,1	menB,145811,146624,-1	menB,313838,314702,1	menB,417840,418626,1	menE,540857,542411,1	menE,631263,632757,-1	menB,634842,635628,-1	menB,643636,644443,1	menB,671779,672559,-1	menB,679874,681992,-1	menE,799704,801237,-1	menE,967343,969002,-1	menE,1148446,1150312,1	menB,1785554,1786349,-1	menB,1873374,1874172,1	menB,1896852,1897662,-1	menB,2182892,2183699,1	menB,2215300,2216113,1	menE,2516239,2517931,1	menB,2703820,2704615,-1	menB,2842295,2843084,-1	menE,2985476,2987168,1	menE,3047534,3049010,1	menB,3410018,3410801,1	menF,3481440,3482961,-1	menB,3494682,3495510,1	menB,3523871,3524693,1	menB,3524772,3525510,-1	menB,3914506,3915280,-1	menB,4054668,4055493,1	menB,4058195,4058975,1	
NC_003197:menB,81724,82510,-1	menE,82563,84117,-1	menF,656254,657430,1	menE,657439,659050,1	menE,1430188,1431829,-1	menF,1818549,1820112,1	menE,1915221,1916907,-1	menF,1921168,1922533,1	menE,2411672,2413040,-1	menC,2413036,2413999,-1	menB,2413998,2414856,-1	menD,2415625,2417296,-1	menF,2417381,2418677,-1	menE,3167871,3170031,-1	
NC_004459:menE,121221,122919,-1	menE,669418,671224,-1	menE,1730115,1731801,-1	menF,2281307,2282708,-1	menF,3135147,3136713,1	menE,3241349,3242780,-1	menC,3242779,3243769,-1	menB,3243908,3244787,-1	menD,3245572,3247267,-1	menF,3247263,3248586,-1	
NC_004917:
NC_004603:menE,346020,347829,1	menE,902658,904350,1	menF,965360,966668,1	menD,966664,968380,1	menB,969187,970054,1	menC,970180,971170,1	menE,971154,972597,1	menF,1957407,1958772,1	menF,2047038,2048616,1	menE,2054704,2056246,-1	menE,2542757,2544464,1	
NC_000907:menE,207286,208645,1	menD,316653,318360,-1	menF,318375,319668,-1	menE,410263,411952,1	menB,1025561,1026419,1	menC,1026451,1027477,1	menF,1482527,1484084,1	
NC_002163:
NC_003295:menE,70886,72692,-1	menB,300357,301152,-1	menB,335934,336753,1	menE,468950,470666,1	menB,511092,511857,1	menE,824517,826224,1	menE,1870827,1872456,1	menB,2193271,2194051,1	menE,3075261,3076971,-1	menB,3101635,3102412,-1	menB,3102491,3103280,1	menF,3108945,3110475,1	
NC_005090:
NC_004741:menB,34292,35186,-1	menE,35186,36755,-1	menE,525324,526935,1	menF,1317570,1319133,-1	menF,1491051,1492413,-1	menE,1497406,1499158,1	menE,1600706,1602407,-1	menE,2365834,2367190,-1	menC,2367186,2368149,-1	menB,2368148,2369006,-1	menD,2369775,2371446,-1	menF,2371534,2372830,-1	menB,2445434,2447579,-1	menE,2928895,2931055,-1	menB,2990342,2991128,1	
NC_003112:
NC_003919:
NC_002947:menF,505504,506986,1	menE,878469,880152,1	menE,2316043,2317741,1	menB,2528096,2528870,1	menF,2656267,2657608,-1	menE,3099218,3100688,1	menE,3184360,3186007,1	menB,3717797,3718589,-1	menB,3718623,3719397,-1	menB,3798065,3798896,-1	menE,3920073,3921762,-1	menB,3960709,3961783,1	menE,4028619,4030242,1	menB,4251234,4252029,-1	menB,4540317,4541160,-1	menE,4586128,4587811,-1	menB,4590926,4591742,1	menE,4768853,4779266,-1	menE,4787314,4793839,-1	menE,5171259,5172957,-1	
NC_005085:menE,105297,106953,1	menF,608047,609376,-1	menE,925460,927089,1	menB,1400533,1401322,-1	menE,1547012,1548692,-1	menE,1581379,1582987,-1	menF,1582983,1584162,-1	menB,1666718,1667501,1	menB,1918466,1919255,-1	menE,1934845,1936534,1	menB,2268808,2269627,-1	menF,2351523,2352990,-1	menB,2675042,2675858,-1	menB,3341426,3342236,-1	menF,3704372,3705665,-1	menE,4381410,4383174,1	
NC_002663:menF,58287,59583,1	menD,59595,61302,1	menE,416286,417705,1	menF,672249,673800,-1	menE,1091067,1092888,1	menC,1289264,1290278,-1	menB,1290530,1291388,-1	
NC_002927:menE,354990,356541,-1	menB,377389,378205,1	menE,483719,485294,1	menB,560776,561511,1	menB,570303,571074,1	menE,575597,577154,-1	menB,583178,583949,-1	menB,613491,614298,1	menB,625318,626092,1	menE,635990,637511,1	menB,663258,664116,-1	menB,666983,667763,1	menB,671356,672115,1	menE,691986,693495,1	menB,696132,696966,-1	menB,699635,700436,-1	menB,784485,785295,-1	menB,796104,796887,1	menB,909648,910482,1	menB,1081316,1082090,-1	menE,1082134,1083754,-1	menB,1110442,1111219,1	menB,1119809,1120586,1	menB,1168987,1169767,-1	menB,1206715,1207504,-1	menB,1207523,1208321,-1	menB,1227756,1228560,1	menE,1252286,1253777,-1	menB,1312643,1313435,1	menB,1606630,1607398,1	menE,1881816,1883490,-1	menB,2216076,2216853,1	menB,2391544,2392348,1	menB,2413167,2413977,-1	menE,2419025,2420891,1	menB,2935619,2936378,1	menB,2936406,2937207,1	menB,3240023,3240818,1	menB,3358980,3359799,-1	menE,3588184,3589726,-1	menB,3589731,3590538,-1	menB,3673449,3674238,-1	menE,3768718,3770392,1	menE,3915425,3917090,1	menB,4197203,4198007,-1	menB,4341211,4341979,-1	menE,4437769,4439446,-1	menE,4523256,4524891,1	menB,4530577,4531363,-1	menB,4583704,4584478,1	menB,4700547,4701405,-1	menB,4779000,4779813,1	menB,4886247,4886985,1	menB,4887064,4887886,-1	menB,4914444,4915221,-1	menF,4925945,4927466,1	menE,5000650,5002144,-1	menB,5004658,5005444,-1	menB,5013908,5014715,1	menB,5057925,5058696,1	menB,5060823,5061633,1	menB,5105177,5105957,-1	menB,5113274,5115392,-1	
NC_002678:menE,484175,485801,1	menB,835230,836007,-1	menB,1522780,1523596,1	menE,1523661,1525149,1	menB,2453696,2454473,1	menE,3783150,3784665,1	menB,3994905,3995733,1	menE,4330600,4332304,-1	menB,4345329,4346133,-1	menB,4480245,4481019,-1	menB,4862684,4863458,-1	menE,4863472,4865161,-1	menB,4907901,4908699,-1	menE,5534321,5535857,-1	menE,5698987,5700760,1	menE,5733470,5735096,1	menB,5736887,5737694,1	menE,5743846,5745373,-1	menE,6028910,6030551,1	menB,6158986,6159745,1	menE,6220682,6222311,1	menB,6687198,6688074,1	menB,6949815,6950637,1	
NC_004463:menE,104747,106361,1	menB,114616,115468,-1	menE,125414,126932,-1	menB,134743,135556,1	menB,138822,139614,-1	menE,545535,547065,1	menB,591434,592247,-1	menE,1076903,1078508,-1	menE,1188980,1190522,1	menB,1278238,1280452,1	menE,1398091,1399951,1	menE,1430874,1432560,-1	menE,1443924,1445487,-1	menF,2262466,2263876,-1	menB,2408133,2408907,1	menE,2416075,2422540,-1	menE,2867295,2868924,-1	menB,2889345,2890119,-1	menB,2902543,2903302,-1	menB,3061414,3062230,-1	menB,3111303,3112233,-1	menB,3244327,3245116,1	menB,3246729,3247563,-1	menE,3249111,3250689,-1	menE,3252838,3254383,1	menB,3254421,3255309,1	menB,3353514,3354294,-1	menE,3519266,3520760,-1	menE,3686048,3687731,1	menE,3769344,3770886,1	menB,3813759,3814530,1	menE,3903246,3904803,1	menB,3904832,3905639,1	menE,4274908,4276534,-1	menB,4384403,4385213,-1	menE,4392447,4394166,1	menE,4477709,4479302,1	menB,4830855,4831650,1	menE,4999415,5001083,1	menE,5218157,5219840,-1	menB,5505877,5506789,1	menB,6165132,6166023,1	menE,6262399,6264307,-1	menB,6646289,6647087,-1	menB,6655459,6656242,-1	menE,6692537,6694256,-1	menB,6698340,6699177,-1	menE,6702296,6703832,1	menB,7013815,7014658,-1	menB,7996151,7997132,1	menE,8027706,8029428,-1	menE,8527848,8529306,-1	menB,8553488,8554295,-1	menE,8571508,8573191,-1	menB,8573336,8575433,-1	menB,8598753,8599563,1	menB,8610800,8611586,1	menE,8617200,8618814,-1	menB,8664020,8664851,1	menB,8733695,8734466,-1	
