paaA,a	paaB,b	paaC,c	paaD,d	paaE,e	paaF,f	paaG,g	paaH,h	paaI,i	paaJ,j	paaK,k	
NC_011833:
NC_002696:paaF,4021,4810,1	paaH,76476,78606,-1	paaJ,78702,79908,-1	paaJ,279598,280837,-1	paaG,418500,419271,1	paaJ,536548,537724,1	paaH,784353,785232,-1	paaJ,856191,857364,-1	paaJ,987054,988242,-1	paaG,1052775,1053660,1	paaJ,1260606,1261806,-1	paaG,1505759,1506812,1	paaG,1894994,1895765,-1	paaF,2006797,2007625,-1	paaG,2047841,2048645,1	paaE,2596001,2596952,1	paaF,2605774,2606602,-1	paaJ,2611783,2612983,1	paaG,2784811,2785609,-1	paaF,3313429,3314161,-1	paaH,3434731,3436810,-1	paaJ,3704416,3705604,1	
NC_002516:paaJ,257107,258313,1	paaE,602345,603650,1	paaF,812444,813263,-1	paaG,1106999,1107761,1	paaF,1341850,1342648,-1	paaH,1771121,1772651,-1	paaF,1772654,1773440,-1	paaJ,1878979,1880185,1	paaH,1880198,1882343,1	paaG,1980164,1980977,1	paaJ,2187064,2188246,1	paaF,2202648,2203446,-1	paaE,2831340,2832363,1	paaE,2833154,2834168,-1	paaJ,2885361,2886552,-1	paaE,3012591,3013773,-1	paaF,3195899,3196691,1	paaF,3243504,3244299,1	paaJ,3295978,3297118,-1	paaJ,3373253,3374429,-1	paaH,3374459,3376607,-1	paaF,3835578,3836349,-1	paaJ,3859337,3860522,-1	paaE,3915806,3916763,-1	paaJ,4021971,4023177,-1	paaH,4023199,4024732,-1	paaF,4024728,4025526,-1	paaJ,4400122,4401298,1	paaG,4858489,4859263,-1	paaJ,5372590,5373868,-1	paaE,5485096,5486197,-1	paaE,5504120,5505074,1	paaG,5592632,5593424,-1	paaH,5840896,5842132,-1	paaI,5855935,5856325,1	paaH,6063882,6064848,-1	paaE,6087098,6088199,1	
NC_000913:paaF,35376,36162,-1	paaE,911181,912150,-1	paaA,1453926,1454856,1	paaB,1454867,1455155,1	paaC,1455163,1455910,1	paaD,1455924,1456422,1	paaE,1456429,1457500,1	paaF,1457496,1458264,1	paaG,1458263,1459052,1	paaH,1459053,1460481,1	paaI,1460470,1460893,1	paaJ,1460892,1462098,1	paaK,1462124,1463438,1	paaE,1885844,1886810,1	paaJ,2326108,2327293,1	paaG,2375961,2376819,-1	paaH,2457014,2459159,-1	paaJ,2459158,2460469,-1	paaE,2685834,2687025,1	paaJ,2984410,2985592,-1	paaG,3063992,3064778,1	paaJ,4027608,4028772,-1	paaH,4028781,4030971,-1	
NC_004347:paaJ,23306,24470,-1	paaH,24492,26643,-1	paaG,592180,592987,1	paaE,764596,765346,-1	paaE,1419940,1421053,1	paaJ,1763185,1764376,1	paaF,1767384,1768158,1	paaF,1992514,1993381,-1	paaH,3210695,3212813,-1	paaJ,3212818,3214129,-1	paaG,4055192,4055930,1	
NC_004757:paaK,865523,866879,1	paaJ,1656956,1658159,-1	paaH,1658228,1660739,-1	paaJ,2450710,2451889,1	
NC_003047:paaE,115570,116536,1	paaF,397172,397946,1	paaH,587899,590113,-1	paaJ,590134,591343,-1	paaE,956323,957418,1	paaG,962584,963337,1	paaJ,973741,974935,-1	paaF,1352031,1352853,1	paaF,2435687,2436479,1	paaF,2472202,2472994,1	paaH,2852632,2853505,1	paaJ,3546543,3547725,-1	paaF,3602697,3603477,-1	
NC_003062:paaF,315553,316315,1	paaJ,491831,493040,1	paaH,493224,495441,1	paaE,727574,728507,1	paaG,732950,733709,1	paaF,1413522,1414320,1	paaJ,2773878,2775060,1	
NC_003143:paaE,1523821,1524844,-1	paaG,1652092,1652854,1	paaE,2800213,2801179,-1	paaF,2834266,2835124,-1	paaJ,3076746,3078057,1	paaF,3078056,3080381,1	paaH,4228822,4231012,1	paaJ,4231023,4232187,1	
NC_005061:
NC_007086:
NC_004578:paaI,355872,356256,-1	paaE,445453,446554,1	paaJ,790986,792264,1	paaJ,1038332,1039511,-1	paaK,2681680,2683111,1	paaG,3018616,3019429,1	paaF,3041109,3041958,-1	paaE,3268845,3269796,1	paaJ,3302738,3303980,-1	paaF,3307572,3308403,-1	paaF,3555899,3556673,-1	paaJ,3556755,3557964,-1	paaJ,3966541,3967717,-1	paaH,3967721,3969887,-1	paaJ,4857790,4858990,-1	
NC_002488:
NC_004310:
NC_002928:paaK,233632,234898,-1	paaG,381991,382807,1	paaH,433340,434405,-1	paaF,559830,560616,1	paaF,569355,570126,1	paaF,582181,582952,-1	paaG,612478,613285,1	paaF,624303,625077,1	paaJ,645025,646231,1	paaG,662239,663097,-1	paaG,665964,666744,1	paaG,670337,671096,1	paaG,691789,692623,-1	paaG,695292,696093,-1	paaJ,696111,697296,-1	paaG,825812,826646,1	paaF,986455,987244,-1	paaH,1472975,1473938,-1	paaA,1783435,1784419,1	paaB,1784483,1784768,1	paaC,1784783,1785548,1	paaD,1785544,1786051,1	paaE,1786062,1787151,1	paaG,1788876,1789665,1	paaI,1789664,1790135,1	paaK,1790326,1791523,1	paaH,1846756,1847758,-1	paaJ,1867939,1869145,1	paaG,1872123,1872930,1	paaE,2033684,2034782,1	paaG,2153384,2154188,1	paaG,2175095,2175905,-1	paaH,2252623,2253532,1	paaG,2253967,2254735,1	paaJ,2491666,2492866,-1	paaH,2492875,2495266,-1	paaH,2496708,2498652,-1	paaJ,2498648,2499941,-1	paaJ,2762390,2763596,1	paaH,2920341,2922426,-1	paaG,2923441,2924242,-1	paaG,2924270,2925029,-1	paaK,3021492,3022812,1	paaG,3025879,3026695,-1	paaG,3311833,3312628,1	paaG,3799368,3800181,-1	paaG,3943099,3943867,-1	paaJ,4119402,4120596,-1	paaG,4125040,4125826,-1	paaE,4168154,4169111,-1	paaG,4450938,4451676,1	paaF,4479078,4479855,-1	paaJ,4549055,4550273,-1	paaH,4550269,4552387,-1	paaJ,4696132,4697314,1	
NC_002929:paaG,32214,33006,1	paaG,145811,146624,-1	paaH,226856,227789,1	paaG,313838,314702,1	paaG,417840,418626,1	paaJ,423070,424264,1	paaE,433235,436622,-1	paaJ,450352,451522,1	paaF,634842,635628,-1	paaG,643636,644443,1	paaF,671779,672559,-1	paaJ,678660,679845,-1	paaH,679874,681992,-1	paaG,1785554,1786349,-1	paaG,1873374,1874172,1	paaG,1896852,1897662,-1	paaE,1905817,1906864,1	paaH,2019770,2020712,1	paaH,2155474,2156422,-1	paaJ,2178723,2179911,1	paaG,2182892,2183699,1	paaG,2215300,2216113,1	paaK,2219239,2220559,-1	paaK,2840437,2841751,-1	paaI,2841825,2842296,-1	paaG,2842295,2843084,-1	paaD,2846946,2847453,-1	paaC,2847449,2848214,-1	paaB,2848229,2848514,-1	paaA,2848578,2849568,-1	paaJ,2935682,2936888,-1	paaK,3401223,3402558,-1	paaG,3410018,3410801,1	paaF,3494682,3495510,1	paaG,3524772,3525510,-1	paaF,3914506,3915280,-1	paaF,4054668,4055493,1	paaG,4058195,4058975,1	
NC_003197:paaF,81724,82510,-1	paaE,1011982,1012954,-1	paaF,2413998,2414856,-1	paaH,2498104,2500252,-1	paaJ,2500251,2501562,-1	paaE,2695258,2696449,1	paaJ,3179657,3180836,-1	paaJ,4188136,4189300,-1	paaH,4189309,4191499,-1	
NC_004459:paaH,983283,985455,1	paaJ,985467,986631,1	paaE,1286560,1287745,-1	paaJ,1965179,1966487,1	paaH,1966486,1968604,1	paaE,2930088,2931132,1	paaF,3243908,3244787,-1	
NC_004917:
NC_004603:paaJ,26891,28067,-1	paaH,28082,30254,-1	paaF,969187,970054,1	paaE,1248860,1249916,-1	paaH,2320499,2322611,-1	paaJ,2322610,2323918,-1	paaE,2973454,2974639,1	
NC_000907:
NC_002163:
NC_003295:paaH,268556,269411,1	paaG,300357,301152,-1	paaJ,307800,308982,-1	paaG,335934,336753,1	paaH,507269,509753,1	paaJ,509785,510985,1	paaG,511092,511857,1	paaG,1384110,1385241,1	paaJ,1753212,1754394,1	paaJ,1758925,1760110,1	paaH,1884343,1886464,1	paaJ,1887188,1888367,1	paaH,2191732,2193241,1	paaG,2193271,2194051,1	paaJ,2444629,2445832,-1	paaF,3101635,3102412,-1	paaG,3102491,3103280,1	paaI,3103276,3103744,1	paaK,3103809,3105120,1	
NC_005090:
NC_004741:paaF,34292,35186,-1	paaE,855234,856203,-1	paaE,1500408,1501374,-1	paaG,2368148,2369006,-1	paaH,2445434,2447579,-1	paaJ,2447578,2448889,-1	paaE,2664292,2665483,1	paaJ,2939452,2940634,-1	paaG,2990342,2991128,1	paaH,3729389,3731579,1	paaJ,3731588,3732752,1	
NC_003112:
NC_003919:
NC_002947:paaI,298155,298539,-1	paaH,362514,363480,-1	paaE,379701,380808,1	paaJ,679111,680389,1	paaE,947521,948700,1	paaE,1337282,1339319,1	paaJ,1569185,1570388,1	paaG,1610966,1612073,-1	paaH,2328409,2329648,1	paaJ,2333065,2334250,1	paaH,2437077,2439225,1	paaJ,2439256,2440432,1	paaJ,2525753,2526947,1	paaF,2528096,2528870,1	paaE,3583839,3584850,1	paaE,3640829,3641774,-1	paaE,3709316,3710393,-1	paaD,3710408,3710942,-1	paaC,3710928,3711687,-1	paaB,3711695,3711977,-1	paaA,3712002,3712992,-1	paaK,3713190,3714510,-1	paaJ,3714631,3715852,-1	paaI,3715844,3716285,-1	paaH,3716277,3717795,-1	paaG,3717797,3718589,-1	paaF,3718623,3719397,-1	paaJ,3793328,3794519,-1	paaF,3798065,3798896,-1	paaG,4251234,4252029,-1	paaG,4258450,4259197,1	paaE,4264784,4265735,1	paaJ,4283395,4284580,1	paaH,4284593,4285442,1	paaG,4540317,4541160,-1	paaF,4590926,4591742,1	paaJ,5259456,5260635,1	
NC_005085:paaK,831819,832977,1	paaG,1400533,1401322,-1	paaF,1666718,1667501,1	paaG,1918466,1919255,-1	paaE,1929509,1931492,-1	paaF,2268808,2269627,-1	paaH,2272509,2273358,-1	paaJ,2273900,2275085,1	paaF,2675042,2675858,-1	paaA,2872858,2873638,-1	paaJ,2945181,2946384,-1	paaH,2946578,2948954,-1	paaJ,3024657,3025836,1	paaF,3341426,3342236,-1	paaK,3904977,3906285,-1	paaJ,4630685,4631888,-1	
NC_002663:
NC_002927:paaK,230241,231507,-1	paaG,377389,378205,1	paaH,428492,429425,-1	paaE,496260,499632,1	paaF,560776,561511,1	paaF,570303,571074,1	paaF,583178,583949,-1	paaG,613491,614298,1	paaF,625318,626092,1	paaJ,646041,647247,1	paaG,663258,664116,-1	paaG,666983,667763,1	paaG,671356,672115,1	paaG,696132,696966,-1	paaG,699635,700436,-1	paaJ,700454,701639,-1	paaE,762805,763807,1	paaG,784485,785295,-1	paaK,787279,788614,-1	paaG,796104,796887,1	paaG,909648,910482,1	paaF,1110442,1111219,1	paaF,1119809,1120586,1	paaF,1168987,1169767,-1	paaF,1206715,1207504,-1	paaH,1605285,1606194,1	paaG,1606630,1607398,1	paaJ,1884043,1885243,-1	paaH,1885252,1887643,-1	paaH,1889089,1891033,-1	paaJ,1891029,1892322,-1	paaJ,2151688,2152894,1	paaG,2391544,2392348,1	paaG,2413167,2413977,-1	paaH,2591009,2591972,-1	paaF,2935619,2936378,1	paaG,2936406,2937207,1	paaH,2938222,2940307,1	paaJ,2940303,2941488,1	paaG,3240023,3240818,1	paaK,3354519,3355839,1	paaG,3358980,3359799,-1	paaE,3427449,3428496,-1	paaG,3589731,3590538,-1	paaJ,3593517,3594723,-1	paaH,3614920,3615889,1	paaK,3671591,3672905,-1	paaI,3672979,3673450,-1	paaG,3673449,3674238,-1	paaE,3675963,3677052,-1	paaD,3677063,3677570,-1	paaC,3677566,3678331,-1	paaB,3678346,3678631,-1	paaA,3678695,3679685,-1	paaG,4197203,4198007,-1	paaG,4341211,4341979,-1	paaJ,4524939,4526133,-1	paaG,4530577,4531363,-1	paaF,4583704,4584478,1	paaE,4596031,4596988,-1	paaG,4700547,4701405,-1	paaH,4880349,4881864,-1	paaG,4886247,4886985,1	paaF,4914444,4915221,-1	paaF,5004658,5005444,-1	paaG,5013908,5014715,1	paaF,5057925,5058696,1	paaG,5060823,5061633,1	paaE,5076593,5077565,-1	paaF,5105177,5105957,-1	paaJ,5112060,5113278,-1	paaH,5113274,5115392,-1	paaJ,5257813,5258995,1	
NC_002678:paaF,835230,836007,-1	paaH,871441,872389,-1	paaF,1522780,1523596,1	paaF,2453696,2454473,1	paaH,2813483,2814362,1	paaJ,3084983,3086162,1	paaJ,3334461,3335667,-1	paaH,3351345,3353415,-1	paaF,3994905,3995733,1	paaE,4041915,4043013,-1	paaG,4345329,4346133,-1	paaF,4480245,4481019,-1	paaJ,4520270,4521479,1	paaH,4521492,4523712,1	paaG,4530889,4531642,1	paaF,4862684,4863458,-1	paaF,4907901,4908699,-1	paaH,5592557,5593487,1	paaE,6056999,6057965,1	paaG,6158986,6159745,1	paaF,6687198,6688074,1	paaF,6949815,6950637,1	
NC_004463:paaG,114616,115468,-1	paaG,134743,135556,1	paaG,138822,139614,-1	paaJ,222552,223737,-1	paaG,591434,592247,-1	paaJ,1011108,1012317,1	paaJ,1277009,1278218,1	paaH,1278238,1280452,1	paaH,1495064,1495946,1	paaG,2408133,2408907,1	paaE,2606975,2607956,1	paaJ,2645162,2646446,1	paaH,2646397,2648545,1	paaG,2902543,2903302,-1	paaG,3061414,3062230,-1	paaG,3111303,3112233,-1	paaA,3184728,3185727,1	paaB,3185806,3186025,1	paaC,3186021,3186801,1	paaD,3186794,3187298,1	paaE,3187246,3188383,1	paaI,3188457,3188934,1	paaK,3188909,3190298,1	paaG,3244327,3245116,1	paaF,3246729,3247563,-1	paaG,3251890,3252700,1	paaG,3254421,3255309,1	paaF,3353514,3354294,-1	paaE,3766480,3767431,1	paaF,3813759,3814530,1	paaF,3904832,3905639,1	paaJ,4129501,4130674,1	paaE,4176889,4178653,-1	paaJ,4382900,4384097,-1	paaF,4384403,4385213,-1	paaG,4390332,4391400,1	paaG,4830855,4831650,1	paaE,5337911,5339861,-1	paaF,5505877,5506789,1	paaE,6084705,6085662,-1	paaG,6165132,6166023,1	paaK,6566429,6567863,1	paaG,6646289,6647087,-1	paaF,6655459,6656242,-1	paaG,6698340,6699177,-1	paaH,6704920,6705913,1	paaJ,6795872,6797105,-1	paaH,6842703,6843555,-1	paaF,7013815,7014658,-1	paaG,7996151,7997132,1	paaJ,8136968,8138141,-1	paaG,8553488,8554295,-1	paaJ,8556121,8557294,1	paaJ,8570324,8571452,-1	paaH,8573336,8575433,-1	paaF,8598753,8599563,1	paaG,8610800,8611586,1	paaG,8664020,8664851,1	paaG,8733695,8734466,-1	
