puuB,a	puuC,b	puuD,c	puuE,d	puuR,e	
NC_011833:
NC_002696:puuC,434120,435560,1	puuC,635730,637149,1	puuE,638435,639614,1	puuC,891269,894359,-1	puuC,917178,918615,-1	puuC,1374108,1375632,-1	puuC,1449910,1451410,1	puuE,1742488,1743691,1	puuC,1780083,1781541,1	puuC,2044992,2046450,-1	puuE,2442021,2443239,-1	puuC,2470518,2472015,-1	puuC,2599041,2600505,-1	puuC,2606654,2608067,-1	puuB,3368373,3369663,-1	puuE,3371656,3373060,-1	puuD,3373077,3373758,-1	puuE,3379751,3381152,-1	puuC,3381279,3382728,-1	puuC,3382733,3384224,-1	puuE,3385037,3386357,1	puuC,3835115,3836636,1	
NC_002516:puuC,147560,149054,-1	puuE,149424,150771,-1	puuC,247218,248709,1	puuE,250230,251613,1	puuC,299521,300973,1	puuE,301217,302498,1	puuD,334733,335486,1	puuE,336950,338321,1	puuC,409503,410934,-1	puuE,466832,468236,-1	puuE,588923,590105,1	puuB,593272,594562,1	puuC,814503,816012,-1	puuC,851782,854965,1	puuE,977909,979130,1	puuC,981421,982888,1	puuC,1113128,1114718,1	puuB,1114773,1116060,1	puuC,1360697,1362278,-1	puuB,1704792,1706103,-1	puuB,1708003,1709401,-1	puuB,2091849,2093250,-1	puuC,2169987,2171508,1	puuC,2337867,2339316,1	puuB,2554961,2556260,1	puuC,2562446,2564072,1	puuE,2694841,2696251,-1	puuB,3133709,3134993,1	puuB,3833773,3835180,1	puuC,3919773,3921258,-1	puuC,4002107,4003601,-1	puuE,4457361,4458645,1	puuC,4502270,4503791,1	puuC,4551142,4552630,-1	puuE,4570928,4572314,1	puuC,4611012,4612473,1	puuB,4682241,4683561,1	puuC,4685993,4687484,1	puuR,5036244,5036808,1	puuE,5390147,5391554,-1	puuC,5495820,5497290,-1	puuR,5603172,5603772,1	puuR,5969986,5970535,-1	puuB,5977788,5979108,1	puuC,5982096,5983590,-1	puuE,5983819,5985154,1	puuC,6049184,6050657,-1	puuE,6215802,6217155,-1	
NC_000913:puuE,173601,174882,-1	puuC,327260,328733,-1	puuE,807967,809257,-1	puuC,1074919,1078882,-1	puuD,1361119,1361884,1	puuR,1361910,1362468,1	puuC,1362742,1364230,1	puuB,1364231,1365512,1	puuE,1365549,1366815,1	puuC,1447518,1449018,1	puuC,1451596,1453642,-1	puuC,1488231,1489671,1	puuC,1515577,1517002,1	puuC,1613314,1614703,-1	puuC,1828255,1829734,-1	puuE,1830761,1831982,-1	puuC,2570347,2571751,-1	puuC,2791272,2792721,1	puuE,2792734,2794015,1	puuE,3219493,3220873,1	puuE,3488959,3490180,-1	puuC,3754972,3756511,-1	
NC_004347:puuE,643452,644670,1	puuC,645825,647289,1	puuB,1311888,1313196,-1	puuR,1313430,1313979,1	puuD,1314364,1315126,1	puuB,1322755,1324042,1	puuC,1324098,1325547,1	puuE,1325610,1326888,1	puuE,1352003,1353296,-1	puuC,1764512,1766012,1	puuB,2151387,2152677,1	puuE,2856889,2858275,1	puuC,3646150,3647647,-1	puuE,3647928,3649269,1	puuB,3829760,3831230,-1	puuC,3833360,3834785,1	puuC,3922308,3925488,1	puuC,4669479,4671000,1	
NC_004757:
NC_003047:puuC,11995,13450,1	puuC,511819,515521,-1	puuE,574092,575292,1	puuB,770924,772211,-1	puuC,801315,802812,1	puuC,1041152,1042616,-1	puuB,2384056,2385346,1	puuC,2387440,2388826,-1	puuC,2453347,2454775,1	puuC,2537886,2539395,-1	puuE,2596156,2597485,1	puuC,2693874,2695308,-1	puuB,2695794,2697108,-1	puuE,2782765,2784079,1	puuB,2799806,2801327,-1	puuE,2898333,2901387,1	puuE,2902583,2905511,-1	puuD,3095089,3095845,1	puuB,3196904,3198185,-1	puuC,3586113,3587646,1	puuR,3589083,3589632,-1	puuE,3589777,3591115,1	puuC,3601189,3602704,-1	
NC_003062:
NC_003143:
NC_005061:
NC_007086:puuC,122951,124481,1	puuC,425681,427193,1	puuC,915784,917257,-1	puuE,1062763,1063990,1	puuE,1075165,1076455,-1	puuE,1499365,1500784,-1	puuE,2137216,2138569,-1	puuB,2148245,2149559,-1	puuD,2151067,2151823,1	puuE,2153781,2155164,1	puuC,2164942,2166307,1	puuB,2364886,2366098,-1	puuC,2958884,2960417,1	puuC,3567855,3569361,-1	puuC,4071380,4072535,1	puuC,4072519,4072849,1	puuC,4610818,4614019,1	
NC_004578:puuC,111971,113465,1	puuB,118543,119857,-1	puuR,123830,124430,1	puuB,268283,269558,1	puuC,279108,280566,1	puuE,282042,283347,1	puuC,325764,327207,1	puuE,327390,328671,1	puuC,463455,464883,-1	puuC,485654,487127,1	puuC,777181,778702,-1	puuE,824015,825362,1	puuC,825455,826949,1	puuC,846548,848075,1	puuE,2000394,2001612,1	puuC,2003865,2005332,1	puuC,2053793,2055311,1	puuE,2065299,2066547,-1	puuC,2066811,2068302,1	puuB,2068345,2069635,1	puuE,2320979,2322446,1	puuR,2850699,2851329,-1	puuE,2909378,2910581,1	puuC,2956043,2957435,-1	puuC,2968410,2969892,-1	puuC,2975355,2976786,1	puuB,2986567,2987851,-1	puuR,3265108,3265657,-1	puuD,3265769,3266534,-1	puuC,3306018,3307467,-1	puuC,3314397,3315879,-1	puuC,3446031,3447549,1	puuB,3447545,3448892,1	puuC,3948229,3949732,-1	puuC,4103002,4104478,1	puuE,5440260,5441544,1	puuC,5704087,5708041,1	puuE,5779942,5781349,1	puuE,6035391,6036759,-1	puuE,6125319,6128232,-1	
NC_002488:
NC_004310:
NC_002928:puuC,40102,41530,-1	puuB,91333,92650,1	puuB,261291,262665,1	puuC,333620,335102,1	puuC,673954,675412,-1	puuC,708401,709925,1	puuE,793591,794833,1	puuC,837393,838887,-1	puuE,838918,840202,-1	puuC,1079783,1081211,1	puuC,1386861,1388334,1	puuC,1427430,1429023,1	puuC,1674444,1675941,-1	puuE,1902937,1904212,1	puuE,2020291,2021632,-1	puuE,2024109,2025417,1	puuC,2233371,2234952,1	puuB,2262057,2263452,1	puuC,2314410,2315913,-1	puuC,2514427,2515897,-1	puuE,2515976,2517278,-1	puuE,2597121,2598492,-1	puuC,2599571,2601065,-1	puuE,2604676,2605951,-1	puuE,2737694,2738876,-1	puuC,2778756,2782578,1	puuB,2991002,2991815,1	puuC,3009657,3011091,-1	puuC,3190800,3192315,-1	puuC,3399873,3401328,-1	puuC,3539281,3540775,-1	puuB,3678883,3680179,1	puuR,3811899,3812715,1	puuB,3812847,3814287,1	puuE,3972731,3974111,-1	puuC,4170626,4172081,-1	puuE,4258734,4260018,1	puuC,4506027,4507488,-1	puuE,4701382,4702573,-1	puuC,4721347,4722820,1	
NC_002929:puuC,211725,213156,-1	puuE,320384,321668,-1	puuC,360337,361798,1	puuC,430104,431745,-1	puuE,455585,456776,-1	puuC,475531,476965,1	puuE,547279,548521,-1	puuB,551538,552828,-1	puuE,732808,734188,-1	puuC,773694,775176,1	puuB,845957,847292,-1	puuC,955101,956556,1	puuC,1697853,1699380,1	puuC,2083102,2084572,-1	puuE,2084651,2085917,-1	puuC,2277420,2278941,-1	puuE,2286710,2287985,1	puuE,2341200,2342541,1	puuE,2421590,2422865,1	puuC,2426475,2427969,1	puuE,2429129,2430419,1	puuC,2558637,2560104,-1	puuC,2916700,2920522,-1	puuB,3307746,3309186,-1	puuR,3309318,3310158,-1	puuE,3367801,3369127,1	puuE,3751555,3752737,-1	puuC,3836361,3837789,-1	puuB,3886111,3887428,1	
NC_003197:puuE,237210,238491,-1	puuE,858793,860083,-1	puuC,1189506,1190973,1	puuE,1382193,1383420,1	puuC,1384441,1385920,1	puuC,1601182,1602571,1	puuC,1686833,1688258,-1	puuC,2573396,2574800,-1	puuC,2940133,2941582,1	puuE,2941596,2942880,1	puuB,3287508,3288810,-1	puuC,3288971,3290456,1	puuE,3384677,3386084,1	puuE,3618455,3619673,-1	puuC,3867972,3869511,-1	puuC,4663939,4665445,-1	puuC,4774457,4775828,1	
NC_004459:
NC_004917:
NC_004603:puuE,215352,216672,1	puuE,659820,661152,1	puuE,1171421,1172702,-1	puuC,1812872,1814393,-1	puuE,1834273,1835539,-1	puuE,1886932,1888204,-1	puuC,1888218,1889664,-1	puuB,1891679,1892957,-1	puuC,1892994,1893408,-1	puuC,1893370,1894480,-1	puuR,1894515,1895073,-1	puuD,1895091,1895838,-1	puuE,2030590,2033467,-1	puuE,2601196,2602492,1	puuC,2773652,2775086,-1	puuC,2958638,2960096,-1	puuE,2961253,2962465,-1	
NC_000907:
NC_002163:
NC_003295:puuC,32579,34073,-1	puuE,34077,35358,-1	puuE,95112,96465,1	puuE,178652,179879,-1	puuC,180942,182454,-1	puuE,711009,712311,-1	puuR,1218450,1218999,1	puuC,1557121,1558558,1	puuE,1583924,1585331,1	puuC,2284602,2286111,-1	puuB,2288568,2289732,-1	puuC,2548967,2550404,1	puuE,2641356,2642556,1	puuC,2743709,2745224,1	puuC,3372901,3374422,-1	puuC,3558769,3562747,-1	puuB,3683471,3684779,-1	
NC_005090:
NC_004741:puuE,164747,166028,-1	puuE,746951,748241,-1	puuD,1355244,1356021,1	puuR,1356047,1356605,1	puuC,1356754,1358242,1	puuB,1358243,1359524,1	puuE,1359561,1360827,1	puuC,1441194,1442634,1	puuC,1554102,1555581,1	puuC,1847866,1849291,-1	puuE,2760082,2761210,1	puuE,3198575,3199982,1	puuC,4044318,4045947,1	puuE,4313313,4314534,1	puuC,4546508,4547975,-1	
NC_003112:
NC_003919:
NC_002947:puuC,263248,264691,1	puuE,264873,266151,1	puuE,452081,453362,1	puuC,631917,633438,-1	puuE,694157,695504,1	puuC,695577,697071,1	puuC,773391,774810,1	puuC,823170,824601,-1	puuB,1014807,1016238,-1	puuC,1434383,1435961,-1	puuC,1685349,1686774,-1	puuC,2203320,2204799,1	puuD,2484562,2485336,1	puuE,2485405,2486764,1	puuB,2795000,2796284,-1	puuC,2833902,2835414,-1	puuC,2835653,2837045,-1	puuB,2894338,2895730,1	puuC,2951378,2952959,-1	puuE,2955659,2957042,1	puuC,2957237,2958731,1	puuC,3068908,3070429,1	puuC,3085119,3086562,-1	puuE,3168102,3170982,1	puuE,3189266,3190646,-1	puuE,3190741,3191995,-1	puuC,3192032,3193457,-1	puuB,3200669,3202037,1	puuR,3269489,3270089,-1	puuR,3282364,3282910,-1	puuB,3562524,3563820,-1	puuC,3569475,3570861,-1	puuC,3796541,3797990,-1	puuE,3800865,3803913,-1	puuC,3899589,3901209,1	puuC,3926827,3928321,1	puuD,4087772,4088582,1	puuC,4141863,4143345,1	puuE,4240281,4241694,-1	puuB,4532266,4533556,1	puuE,4643129,4644380,1	puuE,4692321,4695054,1	puuE,4795083,4796442,-1	puuE,5015968,5017360,-1	puuC,5017381,5018854,-1	puuC,5087343,5088807,-1	puuE,5091081,5092302,-1	puuB,5169769,5171077,1	puuC,5292857,5294384,-1	puuE,5446493,5447777,1	puuC,5630465,5634419,1	puuE,5678366,5679773,1	puuC,5774124,5775597,1	puuC,5841422,5842853,1	puuE,5909379,5910741,-1	puuB,6000992,6002279,-1	puuC,6002436,6003927,-1	puuR,6017460,6018009,-1	puuB,6021783,6023076,1	puuC,6027957,6029451,-1	puuD,6045333,6046101,-1	puuC,6122151,6123597,-1	
NC_005085:puuE,76571,77849,-1	puuC,408731,410237,1	puuC,1283179,1284673,1	puuB,1405785,1407075,1	puuE,1518712,1520053,1	puuC,1520084,1521578,1	puuE,1599715,1600930,1	puuC,1603145,1604606,1	puuC,1652788,1656382,1	puuC,2200465,2201953,-1	puuR,2202403,2202949,-1	puuD,2204307,2205063,1	puuE,2206635,2208015,1	puuC,2270967,2272470,-1	puuE,2444708,2445947,1	puuC,2681342,2682770,-1	puuE,3057076,3058357,-1	puuE,3069548,3070910,-1	puuE,4241279,4242545,1	puuC,4242614,4244075,1	puuC,4427817,4429173,1	puuE,4543393,4544740,1	
NC_002663:
NC_002927:puuC,40108,41536,-1	puuB,90137,91454,1	puuB,257905,259279,1	puuC,328967,330449,1	puuC,674974,676432,-1	puuC,684639,686124,-1	puuC,712744,714274,1	puuC,771066,772536,1	puuC,779276,780716,1	puuE,878522,879764,1	puuC,921229,922723,-1	puuE,922754,924038,-1	puuC,1149803,1151285,-1	puuC,1309958,1311386,1	puuB,1576647,1578006,-1	puuR,1578152,1578671,1	puuC,1586032,1587613,1	puuB,1614720,1616115,1	puuC,1667968,1669471,-1	puuC,1905789,1907259,-1	puuE,1907338,1908604,-1	puuE,1989013,1990384,-1	puuC,1991463,1992957,-1	puuE,1996568,1997843,-1	puuE,2127003,2128185,-1	puuC,2168051,2171873,1	puuC,2504904,2506428,1	puuC,2545583,2547113,1	puuC,2807858,2809355,-1	puuB,2856159,2857446,-1	puuC,3118578,3120093,-1	puuC,3342682,3344116,-1	puuE,3435787,3437095,-1	puuE,3439578,3440919,1	puuE,3558332,3559607,-1	puuC,3781175,3782630,-1	puuC,3955740,3957234,-1	puuB,4094120,4095455,1	puuR,4209725,4210541,1	puuB,4210673,4212113,1	puuE,4370843,4372223,-1	puuC,4598501,4599956,-1	puuE,4693581,4694865,1	puuC,4941492,4942953,-1	puuE,5263063,5264254,-1	puuC,5283022,5284495,1	
NC_002678:puuE,75071,76457,-1	puuC,839909,841397,-1	puuC,970577,974231,-1	puuC,978867,980325,-1	puuE,1012744,1014124,-1	puuE,1059774,1061247,-1	puuE,1356216,1357545,-1	puuC,1792667,1794101,-1	puuC,1868253,1869750,-1	puuC,2305568,2307083,-1	puuB,2369815,2371201,-1	puuB,2423578,2424790,1	puuC,2454423,2455998,1	puuC,2475115,2476504,-1	puuE,2956774,2958193,-1	puuC,3187067,3188564,-1	puuC,3238981,3240403,1	puuB,3338222,3339521,-1	puuC,3349783,3351307,1	puuC,3800953,3803299,-1	puuE,4085616,4086999,-1	puuD,4098044,4098836,-1	puuC,4165230,4166670,1	puuC,4302332,4303760,1	puuE,4431231,4432521,1	puuE,4536856,4538056,1	puuC,4603958,4605446,-1	puuC,4685215,4686709,-1	puuE,4700813,4702082,-1	puuE,4807199,4808459,1	puuE,4843916,4845293,1	puuE,4847712,4849035,1	puuE,4854119,4854827,-1	puuE,4868237,4869527,1	puuC,4935364,4936810,1	puuE,4939088,4940495,1	puuD,5071394,5072105,-1	puuB,5328427,5329714,-1	puuC,5436204,5437722,-1	puuE,5505910,5507194,1	puuE,5721875,5723276,1	puuC,5728472,5729963,1	puuE,5752492,5753980,1	puuE,5802791,5804165,-1	puuB,5805956,5807297,1	puuC,5807334,5808792,-1	puuC,5809863,5811327,-1	puuB,5861410,5862694,-1	puuE,5883966,5885346,-1	puuC,5885378,5886872,-1	puuE,5920691,5922002,1	puuB,5922691,5923996,-1	puuC,5942830,5944276,-1	puuR,6108926,6109610,1	puuC,6298766,6300230,-1	puuR,6349770,6350388,-1	
NC_004463:puuC,865571,867065,1	puuE,1211172,1212390,1	puuE,1842642,1844034,1	puuD,2249865,2250681,1	puuE,2268475,2269741,1	puuC,2348571,2349516,1	puuR,2398151,2398700,-1	puuE,2398812,2400177,1	puuR,2401610,2402288,-1	puuB,2404638,2405925,1	puuR,2699099,2699699,-1	puuC,2944391,2945840,1	puuC,3097358,3098870,1	puuE,3141241,3142456,-1	puuE,3202130,3203480,-1	puuC,3272594,3274133,-1	puuE,3323913,3325305,1	puuE,3684705,3686052,1	puuE,3919908,3921135,1	puuC,4185836,4187324,1	puuC,4298668,4300198,-1	puuE,4359811,4361218,1	puuC,4387671,4389168,1	puuC,4435253,4436645,-1	puuE,4569629,4571012,1	puuE,5073746,5074943,1	puuC,5299879,5301397,-1	puuD,5500037,5500853,-1	puuR,5745443,5746043,1	puuB,5758040,5759888,-1	puuB,6431907,6433365,-1	puuC,6452317,6453766,1	puuC,6965594,6967076,-1	puuC,7065327,7066779,1	puuE,7308006,7309671,1	puuR,7393195,7393828,1	puuB,7522874,7524194,-1	puuB,7913527,7914649,-1	puuC,7986503,7989503,1	puuC,8348374,8350072,-1	puuB,8394607,8396170,1	puuB,8396088,8397459,1	puuC,8645535,8647116,1	
