gutM,a	gutQ,b	srlA,c	srlB,d	srlD,e	srlE,f	srlR,g	
NC_011833:
NC_002696:
NC_002516:srlD,137247,137976,1	srlD,207070,207823,1	srlD,1108948,1109866,1	srlD,1598220,1598958,1	srlR,1617488,1618265,-1	srlD,1796137,1796899,1	srlD,1986066,1986828,1	srlD,1986988,1987756,-1	srlD,2190083,2190854,-1	srlD,3239710,3240589,1	srlD,3325378,3326122,-1	srlD,3510143,3510890,1	srlD,3669820,3670633,-1	srlD,3792289,3793060,1	srlD,3926790,3927552,-1	srlR,4015407,4016163,1	srlD,4572310,4573072,1	srlD,4641710,4642511,1	srlD,4919041,4919800,1	srlD,6213580,6214339,-1	srlD,6217312,6218095,1	srlR,6244961,6245735,-1	
NC_000913:srlR,881975,882734,-1	srlD,1150669,1151404,1	srlR,1343596,1344346,-1	srlD,1697272,1698040,-1	srlR,1854095,1854854,-1	srlD,2226508,2227270,-1	srlD,2543831,2544623,-1	srlE,2826391,2827351,1	srlB,2827361,2827733,1	srlD,2827736,2828516,1	srlR,2829046,2829820,1	srlR,2860466,2861234,-1	srlD,2899487,2900273,-1	srlR,2939367,2940099,1	srlD,3045157,3045901,-1	srlR,3277855,3278665,-1	srlR,4074668,4075454,1	srlR,4417697,4418453,-1	srlD,4492586,4493351,-1	srlR,4526105,4526888,-1	
NC_004347:
NC_004757:
NC_003047:srlD,691857,693957,-1	srlR,694157,694970,1	srlD,906260,907031,-1	srlD,1241638,1242376,1	srlD,1729160,1729916,1	srlD,1828025,1828790,-1	srlD,1837445,1838204,-1	srlR,2405598,2406384,-1	srlD,2427522,2428284,1	srlD,2629375,2630149,-1	srlD,2740369,2741143,-1	srlD,2743511,2744282,1	srlD,2746158,2746923,1	srlD,2760282,2761053,-1	srlR,3270373,3271138,1	srlD,3309556,3310309,-1	srlD,3545700,3546426,-1	srlR,3557697,3558480,-1	
NC_003062:
NC_003143:
NC_005061:
NC_007086:
NC_004578:srlR,396349,397132,-1	srlD,397297,398071,-1	srlD,1152921,1153686,1	srlD,1783327,1784143,1	srlD,2266930,2267680,-1	srlD,2645395,2646196,-1	srlD,2646226,2646991,-1	srlD,2755530,2756331,1	srlD,3022419,3023187,-1	srlD,3073083,3073830,1	srlR,3581984,3582743,-1	srlD,4316871,4317597,-1	srlD,4339618,4340362,-1	srlR,4696335,4697091,1	srlD,4731543,4732293,-1	srlD,4732324,4733086,-1	srlD,4941397,4942156,1	srlR,6378248,6379016,-1	
NC_002488:
NC_004310:srlR,209890,210682,1	srlD,457157,457895,1	srlD,1100052,1100793,1	srlD,1564370,1565138,1	srlD,1565203,1565998,1	srlD,1576890,1577664,-1	srlD,1707934,1708726,1	srlD,1963534,1964299,-1	
NC_002928:
NC_002929:srlD,229281,230007,1	srlD,474678,475458,1	srlD,476992,477751,1	srlD,891225,892002,-1	srlD,1191800,1192559,-1	srlD,1216622,1217360,1	srlD,1227983,1228763,1	srlD,1659773,1660544,1	srlD,1732862,1733621,1	srlD,1754907,1755681,-1	srlD,1875775,1876552,1	srlD,2025136,2025904,1	srlD,2216112,2216835,1	srlD,2583085,2583838,-1	srlD,2594947,2595730,-1	srlD,2708540,2709287,-1	srlR,2801010,2801799,1	srlD,2945885,2946644,1	srlD,3017772,3018525,1	srlD,3029998,3030781,-1	srlD,3030794,3031544,-1	
NC_003197:srlR,193403,194171,1	srlR,936743,937502,-1	srlD,1279222,1279957,1	srlR,1706566,1707358,1	srlR,1798911,1799664,1	srlD,2268001,2268763,-1	srlD,2556598,2557390,-1	srlB,2889738,2890113,1	srlE,2890109,2891090,1	srlE,2978867,2979839,1	srlB,2979850,2980213,1	srlD,2980224,2981004,1	srlR,2981636,2982410,1	srlR,3061823,3062588,1	srlR,3131995,3132706,1	srlR,3421437,3422271,-1	srlR,3431468,3432242,1	srlR,3686447,3687206,-1	srlR,3994835,3995621,1	srlR,4235754,4236558,1	srlR,4622945,4623701,-1	srlD,4727173,4727938,-1	
NC_004459:
NC_004917:
NC_004603:
NC_000907:
NC_002163:
NC_003295:
NC_005090:
NC_004741:srlR,823554,824313,-1	srlD,1141278,1142013,1	srlR,1337746,1338496,-1	srlR,1526271,1527030,1	srlR,2158718,2159498,-1	srlD,2519268,2520060,-1	srlE,2794699,2795659,1	srlB,2795669,2796041,1	srlD,2796044,2796824,1	srlR,2797354,2798128,1	srlR,2824199,2824997,-1	srlR,2894493,2895225,1	srlD,2971160,2971904,-1	srlR,3259516,3260341,-1	srlD,3519482,3520289,1	srlR,3685119,3685905,-1	srlR,4240847,4241606,1	srlR,4380958,4381654,1	srlR,4514135,4514891,-1	
NC_003112:
NC_003919:
NC_002947:srlR,1232926,1233682,-1	srlD,1907759,1908518,-1	srlD,1945116,1945926,1	srlD,2042729,2043491,1	srlD,2076405,2077155,-1	srlD,2157647,2158388,1	srlD,2201351,2202140,1	srlD,2209752,2210562,1	srlD,3170991,3171729,1	srlD,3171725,3172490,1	srlD,3280715,3281447,1	srlD,3456514,3457285,-1	srlD,4021360,4022107,-1	srlD,4431332,4432100,1	srlR,6172294,6173071,-1	
NC_005085:
NC_002663:srlR,898496,899243,-1	srlR,1537133,1537886,1	srlR,1558183,1558945,1	srlR,1624226,1624985,1	srlD,2155194,2155923,1	srlR,2203644,2204409,-1	srlD,2205658,2206438,-1	srlB,2206468,2206840,-1	srlE,2206918,2207908,-1	
NC_002927:
NC_002678:srlD,394917,395664,-1	srlR,562315,563083,-1	srlD,842929,843760,-1	srlD,872399,873206,-1	srlR,1579577,1580321,-1	srlD,1627344,1628121,-1	srlD,1952890,1953661,1	srlD,2249884,2250646,1	srlD,2400010,2400766,-1	srlD,2416957,2417704,1	srlD,2461992,2462754,1	srlD,2489665,2490481,1	srlD,2492049,2492826,1	srlR,2741294,2742077,-1	srlR,2904307,2905111,-1	srlB,2913214,2913595,-1	srlE,2913622,2914627,-1	srlD,2930318,2931107,-1	srlD,3041074,3041830,1	srlD,3086252,3086978,1	srlD,3420340,3421096,-1	srlD,3907073,3907844,-1	srlD,4171839,4172589,-1	srlR,4291204,4291981,1	srlD,4346602,4347376,-1	srlR,4594449,4595253,-1	srlD,4595437,4597540,1	srlD,4646966,4647719,-1	srlD,4748020,4749238,1	srlR,4761192,4761984,1	srlD,5190503,5191628,1	srlD,5326316,5327078,1	srlR,5439056,5439773,1	srlD,5505046,5505808,-1	srlD,5508325,5509090,-1	srlD,5603684,5604431,1	srlD,5645345,5646311,-1	srlD,5817987,5818734,1	srlD,5846529,5847306,-1	srlD,5864195,5864969,1	srlR,5962541,5963303,-1	srlR,6012804,6013653,1	srlD,6497046,6497784,1	srlD,7022529,7023300,-1	
NC_004463:srlD,26531,27290,-1	srlD,131438,132224,-1	srlD,221576,222302,-1	srlD,486080,486842,-1	srlD,1347344,1348076,-1	srlD,1416253,1417060,1	srlD,1621668,1622457,1	srlD,1627989,1628739,-1	srlD,1628868,1629606,1	srlD,2046536,2047307,1	srlD,2320807,2321653,1	srlD,2341343,2342093,1	srlR,2651753,2652599,1	srlD,2978195,2978996,-1	srlD,3021105,3021849,-1	srlD,3261200,3262115,-1	srlD,3562597,3563371,1	srlD,3692626,3693376,1	srlD,3755190,3755949,-1	srlD,3770905,3771634,1	srlD,3819251,3820022,1	srlD,4041522,4042230,-1	srlD,4061088,4061883,1	srlD,4061912,4062659,1	srlD,4130797,4131523,1	srlD,4341818,4342565,-1	srlD,4394922,4395840,1	srlD,4516255,4516993,1	srlD,4811754,4812525,-1	srlD,4841805,4842621,1	srlD,5088438,5089203,-1	srlD,5664068,5664914,-1	srlD,5828118,5828886,1	srlD,5881799,5882708,-1	srlD,5987195,5987981,1	srlD,6178096,6178855,1	srlD,6573472,6574234,1	srlD,6596138,6596960,1	srlD,7007475,7008222,-1	srlD,7020887,7021808,-1	srlD,7148882,7149740,-1	srlD,7344295,7345063,1	srlD,7505310,7506090,-1	srlD,7744761,7745556,1	srlD,7886694,7887483,1	srlD,7907497,7908334,-1	srlD,8300276,8301029,1	srlD,8400674,8401037,1	srlD,8554491,8555250,-1	srlD,8601468,8602230,1	srlD,8640478,8641231,-1	srlD,8648889,8649651,-1	srlD,8663189,8663891,1	
