tdcA,a	tdcB,b	tdcC,c	tdcD,d	tdcE,e	tdcF,f	tdcG,g	
NC_011833:
NC_002696:
NC_002516:tdcA,245947,246868,-1	tdcB,372090,373605,1	tdcA,550866,551793,-1	tdcA,805787,806702,-1	tdcD,911594,912779,-1	tdcB,929513,930476,-1	tdcB,1437066,1438614,1	tdcA,1547436,1548330,1	tdcF,1709411,1709765,-1	tdcA,2282479,2283382,1	tdcA,2326333,2327287,1	tdcA,2424481,2425429,-1	tdcG,2740976,2742353,-1	tdcA,2786971,2787886,-1	tdcA,2944254,2945151,-1	tdcB,3030435,3031398,-1	tdcA,3276318,3277308,-1	tdcA,3504878,3505772,1	tdcF,3505864,3506242,-1	tdcA,3840843,3841737,1	tdcA,4019742,4020663,1	tdcA,4028652,4029540,1	tdcA,4236605,4237541,1	tdcA,5659275,5660181,-1	tdcF,6008397,6008778,1	tdcG,6056876,6058253,1	
NC_000913:tdcA,229966,230881,-1	tdcA,799621,800575,-1	tdcE,860173,862606,-1	tdcE,951271,953554,-1	tdcF,1071772,1072159,-1	tdcA,1333854,1334829,1	tdcA,1404740,1405649,1	tdcA,1668698,1669592,-1	tdcA,1738865,1739798,-1	tdcG,1896931,1898296,1	tdcA,2248736,2249618,-1	tdcD,2413469,2414672,1	tdcA,2525929,2526856,-1	tdcE,2716065,2716449,-1	tdcC,2928228,2929518,1	tdcG,2929575,2930943,1	tdcC,2985846,2987076,1	tdcC,3256678,3258010,-1	tdcG,3258284,3259649,-1	tdcF,3259720,3260110,-1	tdcE,3260123,3262418,-1	tdcD,3262451,3263660,-1	tdcC,3263685,3265017,-1	tdcB,3265038,3266028,-1	tdcA,3266126,3267065,-1	tdcC,3700562,3701834,1	tdcB,3955330,3956875,1	tdcA,4011862,4012816,-1	tdcE,4143994,4146292,1	tdcA,4158489,4159407,1	tdcF,4470526,4470913,-1	
NC_004347:
NC_004757:
NC_003047:
NC_003062:
NC_003143:
NC_005061:
NC_007086:
NC_004578:
NC_002488:
NC_004310:
NC_002928:
NC_002929:
NC_003197:tdcA,295892,296807,-1	tdcA,755352,756279,-1	tdcA,826452,827343,1	tdcE,911346,913779,-1	tdcE,1055095,1057378,-1	tdcA,1506990,1507923,1	tdcA,1564073,1564973,1	tdcA,1714894,1715818,1	tdcA,1808406,1809381,-1	tdcG,1923378,1924743,1	tdcD,2131439,2132654,1	tdcG,2292680,2294048,-1	tdcA,2300546,2301410,-1	tdcA,2386535,2387414,1	tdcD,2447938,2449141,1	tdcA,2536769,2537696,-1	tdcE,2785905,2786289,-1	tdcC,3120770,3122060,1	tdcG,3122118,3123486,1	tdcC,3182522,3183752,1	tdcC,3403350,3404682,-1	tdcG,3404997,3406362,-1	tdcE,3406431,3408726,-1	tdcD,3408759,3409968,-1	tdcC,3410033,3411365,-1	tdcB,3411385,3412375,-1	tdcA,3412472,3413411,-1	tdcC,3808930,3810229,1	tdcA,4037939,4038836,1	tdcB,4113839,4115384,1	tdcA,4168559,4169513,-1	tdcE,4328813,4331111,1	tdcA,4343079,4343997,1	tdcA,4509385,4510273,-1	tdcF,4703032,4703419,-1	
NC_004459:tdcF,157601,157985,-1	tdcE,542714,543092,1	tdcA,1028786,1029707,1	tdcB,1029726,1031256,-1	tdcA,1358815,1359715,1	tdcF,1450748,1451138,-1	tdcE,2096423,2098700,-1	tdcA,2226636,2227548,-1	tdcD,2232607,2233804,-1	tdcG,2275115,2276477,-1	tdcC,2276573,2277827,-1	tdcA,2840115,2840985,-1	
NC_004917:
NC_004603:tdcE,513385,513763,-1	tdcE,1037882,1040159,-1	tdcA,1395986,1396856,1	tdcF,1907307,1907679,-1	tdcC,1962385,1963639,1	tdcG,1963737,1965099,1	tdcA,2067285,2068197,1	tdcD,2188452,2189649,1	tdcF,2284521,2284902,-1	tdcC,2285153,2286479,1	tdcF,2808761,2809151,1	tdcA,2917272,2918181,-1	tdcB,3269897,3271445,1	
NC_000907:tdcE,18034,18418,-1	tdcE,192210,194529,-1	tdcG,322499,323867,-1	tdcC,323901,325140,-1	tdcA,591694,592600,-1	tdcF,766957,767350,1	tdcB,794558,796100,1	tdcA,1260107,1261001,1	tdcD,1270933,1272139,-1	
NC_002163:tdcD,643408,644599,1	tdcB,775148,776360,-1	tdcF,1325301,1325664,1	tdcG,1551754,1553119,-1	tdcC,1553133,1554384,-1	
NC_003295:
NC_005090:
NC_004741:tdcA,221788,222703,-1	tdcE,800391,802824,-1	tdcE,937658,939941,-1	tdcF,1064064,1064451,-1	tdcA,1328005,1328980,1	tdcG,1488921,1490286,-1	tdcA,1682956,1683868,-1	tdcA,1758144,1759077,-1	tdcA,2250669,2251551,-1	tdcD,2401038,2402241,1	tdcA,2501363,2502290,-1	tdcE,2706550,2706934,-1	tdcC,2883356,2884646,1	tdcG,2884703,2886071,1	tdcC,2940999,2942118,1	tdcC,3239302,3240634,-1	tdcG,3240908,3242273,-1	tdcF,3242344,3242734,-1	tdcE,3242747,3245042,-1	tdcD,3245075,3246296,-1	tdcC,3246309,3247641,-1	tdcB,3247662,3248652,-1	tdcA,3248750,3249689,-1	tdcA,3593789,3594707,-1	tdcE,3611858,3614156,-1	tdcA,3747352,3748306,1	tdcB,3806975,3808520,-1	tdcC,4102152,4103424,-1	tdcF,4408359,4408785,1	
NC_003112:
NC_003919:
NC_002947:tdcA,89424,90324,1	tdcG,356653,358030,1	tdcG,1125167,1126544,-1	tdcA,1217489,1218407,-1	tdcA,1833093,1834020,-1	tdcA,1913630,1914563,1	tdcA,2320292,2321237,-1	tdcA,2337164,2338058,-1	tdcF,2563408,2563786,1	tdcA,2862937,2864131,1	tdcA,2883437,2884364,1	tdcA,2940765,2941677,1	tdcA,3036641,3037583,-1	tdcF,3079695,3080067,-1	tdcA,3087611,3088541,-1	tdcA,3092036,3092975,1	tdcA,3232809,3233757,1	tdcA,3233784,3234756,1	tdcA,3319224,3320142,-1	tdcG,3560242,3561619,1	tdcB,3620345,3621398,-1	tdcA,3663015,3663906,-1	tdcA,3809880,3810762,1	tdcB,3903146,3904739,-1	tdcF,3965192,3965591,1	tdcA,4039140,4040004,1	tdcC,4077911,4079192,-1	tdcA,4100122,4101052,1	tdcA,4156986,4157874,-1	tdcA,4238380,4239253,1	tdcA,4439087,4440029,1	tdcB,5025684,5026677,1	tdcA,5062616,5063543,1	tdcA,5136705,5137599,-1	tdcA,5198711,5199623,1	tdcA,5251155,5252037,1	tdcA,5787859,5788759,-1	tdcB,5874646,5876161,-1	tdcF,6051261,6051642,1	
NC_005085:tdcA,228662,229526,1	tdcA,300727,301333,1	tdcF,962303,962684,1	tdcA,1209137,1210028,-1	tdcF,1244204,1245476,1	tdcG,1483081,1484482,-1	tdcC,1484692,1485991,-1	tdcE,1488142,1490470,1	tdcD,1638379,1639573,-1	tdcG,3148669,3150070,1	tdcB,3377773,3379303,-1	tdcA,3426622,3427537,-1	tdcB,3533796,3534762,-1	tdcA,3582122,3583055,1	tdcD,4043473,4044625,1	
NC_002663:tdcG,35842,37210,-1	tdcC,37267,38509,-1	tdcE,91369,91753,-1	tdcE,100416,102747,1	tdcA,652302,653184,1	tdcD,819906,821112,1	tdcA,1538560,1539457,-1	tdcF,1657388,1657778,1	tdcB,1833710,1835252,-1	
NC_002927:
NC_002678:tdcB,115270,116572,1	tdcG,526192,527596,-1	tdcF,2046266,2046659,-1	tdcF,2046836,2047229,-1	tdcB,2833258,2834200,1	tdcF,3539927,3540326,-1	tdcB,3650166,3651150,-1	tdcA,4551286,4552177,1	tdcA,4934226,4935177,1	tdcD,5386703,5387909,1	tdcB,5893120,5894179,1	tdcA,5949994,5950912,-1	tdcA,6152095,6153007,-1	tdcB,6301954,6302959,-1	tdcA,6353184,6354072,1	
NC_004463:
