trpA,a	trpB,b	trpC,c	trpD,d	trpE,e	trpL,f	
NC_011833:trpA,303081,303891,-1	trpC,305114,306476,-1	trpD,306456,307485,-1	
NC_002696:trpE,2091404,2092946,1	trpD,2093293,2093890,1	trpD,2093898,2094924,1	trpC,2094920,2095709,1	trpE,3175409,3176984,-1	trpA,3792448,3793276,-1	trpB,3793288,3794521,-1	trpC,3794531,3795191,-1	
NC_002516:trpA,37086,37893,-1	trpB,37889,39098,-1	trpE,670979,672458,1	trpD,703476,704082,1	trpD,704083,705133,1	trpC,705129,705966,1	trpE,1083971,1085564,1	trpD,1085541,1086144,1	trpE,1897289,1898651,-1	trpE,2073554,2075438,1	trpC,3493841,3494477,-1	trpE,4716659,4718543,1	trpE,4745120,4746551,1	
NC_000913:trpE,624884,626060,1	trpA,1316415,1317222,-1	trpB,1317221,1318415,-1	trpC,1318426,1319788,-1	trpD,1319788,1321384,-1	trpE,1321383,1322946,-1	trpE,1894804,1896166,1	trpE,2379347,2380643,-1	trpD,3490265,3490829,-1	
NC_004347:trpD,637615,638191,1	trpE,2335515,2336919,-1	trpE,3129861,3131586,1	trpD,3131596,3132205,1	trpD,3132204,3133248,1	trpC,3133253,3134750,1	trpB,3134869,3136060,1	trpA,3136065,3136902,1	trpE,4916557,4917916,1	
NC_004757:trpC,15450,16371,-1	trpD,16372,17398,-1	trpD,17394,17994,-1	trpC,752114,752750,1	trpB,752733,753927,1	trpA,753979,754807,1	trpE,2334990,2336478,1	
NC_003047:trpC,27375,28023,1	trpB,28047,29268,1	trpA,29273,30113,1	trpD,1802307,1803321,1	trpC,1803330,1804146,1	trpE,2573596,2575786,-1	trpE,3009359,3010517,1	
NC_003062:trpC,14474,15137,1	trpB,15138,16359,1	trpA,16363,17203,1	trpE,1663349,1664384,-1	trpD,1671633,1672662,1	trpC,1672672,1673488,1	trpE,2262144,2264334,1	
NC_003143:trpD,188809,189385,1	trpE,2019158,2020535,-1	trpE,2168364,2169669,1	trpA,2477416,2478223,-1	trpB,2478222,2479413,-1	trpC,2479569,2480997,-1	trpD,2481000,2481999,-1	trpD,2482013,2482592,-1	trpE,2482591,2484157,-1	trpE,2837883,2839251,-1	
NC_005061:trpE,465507,467073,1	trpD,467080,467662,1	trpD,467676,468699,1	trpC,468710,470087,1	trpB,470123,471320,1	trpA,471316,472132,1	trpE,485125,486511,1	trpD,637729,638311,-1	
NC_007086:trpE,560064,561540,1	trpD,571249,571828,1	trpD,572708,573746,1	trpC,573869,574667,1	trpC,1891998,1892667,1	trpB,1893925,1895143,1	trpA,1895654,1896473,1	trpD,2335859,2337425,1	trpE,3868958,3870314,-1	
NC_004578:trpB,178847,180077,1	trpA,180073,180886,1	trpE,623638,625120,1	trpD,651382,651982,1	trpD,652003,653053,1	trpC,653049,653886,1	trpE,2522821,2524165,-1	trpE,2868540,2869950,-1	trpC,4324253,4324874,-1	
NC_002488:trpE,217583,219047,1	trpD,219201,219786,1	trpD,219854,220889,1	trpC,220967,221762,1	trpE,645177,646536,1	trpC,1321355,1322045,1	trpB,1322545,1323763,1	trpA,1323888,1324695,1	trpE,1819903,1821400,1	trpD,1821375,1822002,1	
NC_004310:trpD,1118358,1119378,1	trpC,1119394,1120201,1	trpE,1519314,1521510,-1	trpA,2033895,2034735,-1	trpB,2035201,2036422,-1	trpC,2036441,2037110,-1	
NC_002928:trpA,3579763,3580621,-1	trpB,3580624,3581824,-1	trpE,3890903,3892031,1	trpE,4490531,4492100,1	trpD,4492155,4492719,1	trpD,4492737,4493769,1	trpC,4493765,4494554,1	
NC_002929:trpE,3459153,3460281,1	trpC,3478986,3479775,-1	trpD,3479771,3480803,-1	trpD,3480821,3481385,-1	trpE,3481440,3482961,-1	trpB,3802751,3803951,1	trpA,3803954,3804812,1	
NC_003197:trpE,656254,657430,1	trpE,1818549,1820112,1	trpD,1820111,1821707,1	trpC,1821710,1823069,1	trpB,1823078,1824272,1	trpA,1824271,1825078,1	trpE,1921168,1922533,1	trpE,2417381,2418677,-1	trpD,3619758,3620322,-1	
NC_004459:trpD,1300057,1300636,1	trpE,2281307,2282708,-1	trpE,3135147,3136713,1	trpD,3136715,3137294,1	trpD,3137312,3138311,1	trpC,3138316,3139747,1	trpB,3139822,3141013,1	trpA,3141012,3141819,1	trpE,3247263,3248586,-1	
NC_004917:trpC,2483,3989,1	trpD,294423,295005,-1	trpE,295001,296852,-1	trpD,308842,310447,-1	trpE,310450,311947,-1	trpA,1353569,1354373,-1	trpB,1354517,1355780,1	
NC_004603:trpE,965360,966668,1	trpE,1957407,1958772,1	trpE,2047038,2048616,1	trpD,2048621,2049212,1	trpD,2049231,2050230,1	trpC,2050237,2051683,1	trpB,2051723,2052914,1	trpA,2052913,2053720,1	trpD,2962826,2963414,-1	
NC_000907:trpE,318375,319668,-1	trpE,1240330,1241317,-1	trpD,1241358,1241940,1	trpE,1482527,1484084,1	trpD,1484096,1484678,1	trpD,1485165,1486167,1	trpC,1486203,1487637,1	trpB,1519210,1520404,1	trpA,1520403,1521210,1	
NC_002163:trpE,315397,316648,1	trpD,316644,318246,1	trpC,318232,318832,1	trpB,318828,320007,1	trpA,319999,320749,1	trpC,462830,463607,1	trpD,806933,807500,-1	trpE,807496,809281,-1	
NC_003295:trpA,2155703,2156501,-1	trpB,2157332,2158544,-1	trpE,2834812,2836693,-1	trpE,3108945,3110475,1	trpD,3110492,3111062,1	trpD,3111529,3112567,1	trpC,3112569,3113373,1	
NC_005090:
NC_004741:trpA,1312602,1313409,-1	trpB,1313408,1314602,-1	trpC,1314613,1315975,-1	trpD,1315975,1317571,-1	trpE,1317570,1319133,-1	trpE,1491051,1492413,-1	trpE,2371534,2372830,-1	trpD,4312664,4313228,1	
NC_003112:trpC,277799,278582,-1	trpA,705341,706127,1	trpC,714855,715482,-1	trpB,724326,725529,1	trpD,985962,986553,1	trpD,986616,987675,1	trpE,1035921,1037397,-1	trpE,2065732,2067514,1	
NC_003919:trpE,566309,567785,1	trpD,569043,569622,1	trpD,570521,571559,1	trpC,571699,572497,1	trpE,1280140,1281496,1	trpD,2675442,2677008,-1	trpA,3176118,3176925,-1	trpB,3177393,3178611,-1	trpC,3179821,3180490,-1	
NC_002947:trpA,91568,92378,-1	trpB,92374,93592,-1	trpE,505504,506986,1	trpD,509375,509969,1	trpD,509978,511028,1	trpC,511024,511858,1	trpC,2263204,2263825,1	trpE,2656267,2657608,-1	
NC_005085:trpE,608047,609376,-1	trpE,1582983,1584162,-1	trpD,2346624,2347653,-1	trpD,2348051,2348621,-1	trpE,2351523,2352990,-1	trpC,2935828,2936626,1	trpA,2997202,2997991,-1	trpB,2998002,2999205,-1	trpC,2999191,2999812,-1	trpE,3704372,3705665,-1	
NC_002663:trpE,58287,59583,1	trpA,665138,665945,-1	trpB,665931,667140,-1	trpC,668135,669545,-1	trpD,669581,670583,-1	trpD,671651,672239,-1	trpE,672249,673800,-1	trpD,1655068,1655659,-1	trpE,1655766,1656741,1	
NC_002927:trpA,3996278,3997136,-1	trpB,3997139,3998339,-1	trpE,4288918,4290046,1	trpE,4925945,4927466,1	trpD,4927522,4928086,1	trpD,4928104,4929136,1	trpC,4929132,4929921,1	
NC_002678:trpD,479467,480478,1	trpC,480481,481294,1	trpE,2227589,2229791,1	trpE,2412975,2414121,1	trpB,4014687,4015938,1	trpA,4016000,4016840,1	
NC_004463:trpC,792204,792876,1	trpB,792872,794090,1	trpA,794086,794923,1	trpD,2209099,2210113,-1	trpD,2261873,2262437,-1	trpE,2262466,2263876,-1	trpE,2713097,2715263,1	trpD,5329267,5330281,1	trpC,5330288,5331110,1	
