acpP,a	fabD,b	fabF,c	fabG,d	fabH,e	plsX,f	rpmF,g	yceD,h	
NC_011833:
NC_002696:plsX,1520315,1521398,1	fabH,1521403,1522372,1	fabH,1593122,1594301,-1	fabD,1848233,1849178,1	acpP,1851052,1851289,1	fabF,1851455,1852736,1	fabF,3974695,3975907,-1	
NC_002516:fabD,242441,243374,1	fabH,1080852,1081899,1	fabH,1081941,1082955,1	fabF,1489814,1491083,-1	fabF,1751673,1752891,-1	acpP,2031465,2031705,1	fabF,3323573,3324818,-1	acpP,3324946,3325183,-1	fabD,3326144,3327083,-1	plsX,3327188,3328169,-1	rpmF,3328202,3328385,-1	yceD,3328398,3328935,-1	fabH,3678333,3679386,-1	fabH,3742693,3743686,1	
NC_000913:yceD,1146793,1147315,1	rpmF,1147366,1147540,1	plsX,1147620,1148691,1	fabH,1148758,1149712,1	fabD,1149727,1150657,1	acpP,1151614,1151851,1	fabF,1151938,1153180,1	fabF,2440384,2441605,-1	
NC_004347:fabF,1670315,1676207,-1	fabF,1678566,1686162,-1	fabF,2896333,2897572,-1	acpP,2897781,2898015,-1	fabD,2898934,2899861,-1	fabH,2899965,2900925,-1	plsX,2900934,2901963,-1	rpmF,2901978,2902149,-1	yceD,2902166,2902691,-1	fabH,2976949,2978014,1	fabH,3028128,3029250,-1	fabF,3191407,3192643,-1	fabF,4575438,4576656,1	fabF,4578034,4579297,1	
NC_004757:fabF,1509672,1517307,-1	yceD,1776160,1776667,1	rpmF,1776707,1776890,1	plsX,1776940,1777987,1	fabH,1777995,1778952,1	fabD,1778955,1779894,1	acpP,1780860,1781106,1	fabF,1781139,1782381,1	
NC_003047:fabF,281605,282826,-1	fabF,640571,648086,-1	fabD,1240669,1241614,1	acpP,1242712,1242949,1	fabF,1243254,1244520,1	plsX,1329298,1330342,1	fabH,1330360,1331332,1	fabF,2098612,2099896,-1	rpmF,3548599,3548785,-1	
NC_003062:fabF,158273,159497,-1	fabD,1083982,1084978,1	acpP,1086145,1086382,1	fabF,1086633,1087896,1	plsX,1171494,1172556,1	fabH,1172560,1173532,1	fabF,1578308,1579589,-1	
NC_003143:fabF,1142587,1146001,1	fabF,1619437,1620421,-1	fabF,1622296,1622707,-1	fabF,1648111,1649395,1	fabD,1654556,1655405,1	yceD,1819521,1820046,1	rpmF,1820058,1820226,1	plsX,1820259,1821294,1	fabH,1821300,1822251,1	fabD,1822288,1823218,1	acpP,1824119,1824356,1	fabF,1824450,1825692,1	fabF,2146469,2155961,-1	fabF,3089860,3091084,1	
NC_005061:acpP,444566,444803,-1	fabD,445712,446678,-1	fabH,446706,447663,-1	plsX,447674,448709,-1	rpmF,448729,448900,-1	fabF,552833,554051,-1	
NC_007086:fabH,267917,268934,1	fabD,690084,691005,1	fabH,2009708,2010707,1	fabF,3870475,3871711,-1	acpP,3871851,3872091,-1	fabD,3873068,3874013,-1	fabH,3874657,3875635,-1	rpmF,3875724,3875919,-1	yceD,3876015,3876525,-1	fabF,4333096,4334305,1	fabF,4815390,4816587,1	
NC_004578:fabH,2095351,2096368,1	fabH,2134725,2135652,1	fabF,2434905,2436129,-1	fabF,2873729,2883251,-1	fabF,4337831,4339076,-1	acpP,4339189,4339426,-1	fabD,4340377,4341316,-1	plsX,4341432,4342425,-1	rpmF,4342459,4342642,-1	fabH,4610577,4611699,-1	fabF,5284966,5286112,1	fabF,5287944,5296104,1	fabF,5296109,5302310,1	fabD,5785241,5786177,-1	fabF,5807525,5808722,1	fabF,5809898,5811125,1	
NC_002488:fabD,641366,642320,1	acpP,643310,643568,1	fabF,643725,644961,1	fabF,1577751,1578951,-1	yceD,1730156,1730714,1	rpmF,1730828,1731023,1	fabH,1731117,1732092,1	fabH,1880088,1881105,-1	
NC_004310:fabD,456143,457088,1	acpP,458168,458405,1	fabF,458728,459991,1	plsX,760143,761184,1	fabH,761431,762403,1	fabF,826912,828190,-1	fabF,828191,829373,-1	rpmF,1704321,1704501,-1	fabF,2095734,2096958,-1	
NC_002928:fabF,3160517,3168101,1	fabF,3560863,3562093,-1	acpP,3562282,3562579,-1	fabD,3563458,3564394,-1	fabH,3564475,3565465,-1	plsX,3565461,3566520,-1	rpmF,3566576,3566759,-1	yceD,3566810,3567404,-1	
NC_002929:fabF,2581244,2582474,-1	acpP,2582663,2582903,-1	fabD,2583839,2584775,-1	fabH,2584856,2585843,-1	plsX,2585842,2586901,-1	rpmF,2586957,2587140,-1	yceD,2587191,2587785,-1	
NC_003197:yceD,1275272,1275794,1	rpmF,1275845,1276019,1	plsX,1276152,1277232,1	fabH,1277311,1278265,1	fabD,1278280,1279210,1	acpP,1280112,1280349,1	fabF,1280434,1281676,1	fabF,2488621,2489836,-1	
NC_004459:fabF,64617,65805,1	fabF,66980,68210,1	fabH,1843740,1844730,-1	fabF,1979146,1980358,1	fabF,3072401,3072578,-1	acpP,3073734,3073971,-1	fabD,3074895,3075819,-1	fabH,3075893,3076844,-1	plsX,3076849,3077875,-1	rpmF,3077885,3078056,-1	yceD,3078091,3078616,-1	
NC_004917:plsX,658844,659846,1	fabH,659855,660854,1	fabF,707694,708930,-1	acpP,709005,709236,-1	fabD,1243744,1244680,1	
NC_004603:fabF,914576,915800,-1	fabF,916975,918163,-1	fabF,2152680,2153931,-1	acpP,2154024,2154258,-1	fabD,2155272,2156196,-1	fabH,2156272,2157223,-1	plsX,2157228,2158254,-1	rpmF,2158264,2158435,-1	yceD,2158494,2159019,-1	fabF,2307362,2308574,-1	
NC_000907:acpP,170929,171160,-1	fabD,172160,173099,-1	fabH,173726,174677,-1	rpmF,174862,175033,-1	yceD,175055,175580,-1	fabF,1605146,1606367,-1	
NC_002163:fabD,120762,121683,1	fabH,298882,299857,-1	plsX,299849,300836,-1	fabF,410052,411267,1	fabH,1232995,1234057,1	
NC_003295:fabF,453906,455124,-1	yceD,1101588,1102128,1	rpmF,1102242,1102422,1	plsX,1102626,1103691,1	fabH,1103728,1104709,1	fabD,1104741,1105671,1	acpP,1106628,1106868,1	fabF,1106979,1108212,1	fabF,1945813,1958620,-1	fabF,1964975,1972118,-1	
NC_005090:fabD,520484,521423,1	fabF,614829,616071,-1	acpP,616152,616383,-1	fabH,1889760,1890753,-1	plsX,1890762,1891758,-1	
NC_004741:yceD,1137402,1137924,1	rpmF,1137975,1138149,1	plsX,1138229,1139300,1	fabH,1139367,1140321,1	fabD,1140336,1141266,1	acpP,1142223,1142460,1	fabF,1142546,1143788,1	fabF,2427943,2429185,-1	
NC_003112:fabF,226505,227753,-1	acpP,227908,228145,-1	fabF,1779050,1780301,1	rpmF,2010961,2011141,1	plsX,2011931,2012987,1	fabH,2013971,2014934,1	fabD,2015481,2016408,1	
NC_003919:fabH,280845,281862,1	fabD,666995,667916,1	rpmF,1274155,1274350,1	fabH,1274440,1275418,1	fabD,1276382,1277327,1	acpP,1278357,1278597,1	fabF,1278738,1279974,1	fabH,2296032,2297034,-1	fabH,3030576,3031575,-1	fabF,4298358,4299567,1	fabF,4790375,4791575,1	
NC_002947:yceD,2154828,2155356,1	rpmF,2155369,2155552,1	plsX,2155555,2156566,1	fabD,2156693,2157632,1	acpP,2158591,2158828,1	fabF,2159015,2160260,1	fabF,3163207,3164485,1	fabF,3165565,3166864,1	fabF,3738265,3739558,1	fabF,4717434,4718655,1	fabH,4970634,4971564,-1	fabH,5162675,5163848,-1	
NC_005085:fabH,828950,829910,1	fabH,1141671,1142793,1	fabF,1658227,1659478,1	fabH,2631464,2632436,1	fabF,3705798,3707040,-1	acpP,3707205,3707481,-1	fabD,3708384,3709314,-1	fabH,3709439,3710399,-1	plsX,3710404,3711442,-1	rpmF,3711498,3711678,-1	yceD,3711725,3712247,-1	fabF,4269037,4270207,-1	fabF,4270199,4271429,-1	
NC_002663:fabF,399150,400371,1	yceD,2151376,2151901,1	rpmF,2151918,2152089,1	plsX,2152148,2153138,1	fabH,2153217,2154171,1	fabD,2154232,2155171,1	acpP,2156183,2156414,1	
NC_002927:fabF,3088086,3095670,1	fabF,3977321,3978551,-1	acpP,3978740,3978980,-1	fabD,3979916,3980852,-1	fabH,3980933,3981923,-1	plsX,3981919,3982978,-1	rpmF,3983034,3983217,-1	yceD,3983268,3983862,-1	
NC_002678:fabF,987705,988896,1	fabF,988965,990216,1	fabH,1334303,1335248,-1	fabF,2264631,2265933,1	rpmF,3038942,3039125,-1	fabF,3925594,3926803,1	fabF,4468819,4470040,-1	fabF,4696716,4697925,1	fabH,4699833,4700817,-1	fabH,4907363,4907720,1	fabD,6496039,6496987,1	acpP,6497983,6498220,1	fabF,6498254,6499517,1	plsX,6918354,6919425,1	fabH,6919434,6920406,1	
NC_004463:fabD,261454,262393,-1	fabF,824275,825499,1	fabD,1383532,1384453,-1	fabF,2764007,2765270,-1	fabF,4221778,4223056,-1	fabD,4515193,4516153,1	acpP,4517304,4517544,1	fabF,4517653,4518919,1	fabH,5566378,5567359,-1	plsX,5567355,5568417,-1	
