lyxK,a	sgbE,b	sgbH,c	sgbU,d	yiaK,e	yiaL,f	yiaM,g	yiaN,h	yiaO,i	
NC_011833:
NC_002696:lyxK,1381087,1382578,1	yiaO,1596866,1597850,1	yiaN,1598337,1599618,1	
NC_002516:
NC_000913:sgbE,65854,66550,-1	yiaK,545313,546363,-1	yiaK,836350,837436,1	lyxK,1598616,1600209,-1	lyxK,2937437,2938886,1	yiaL,3369013,3369478,-1	lyxK,3727916,3729371,-1	yiaK,3742732,3743731,1	yiaL,3743742,3744210,1	yiaM,3744327,3744801,1	yiaN,3744803,3746081,1	yiaO,3746093,3747080,1	lyxK,3747083,3748580,1	sgbH,3748576,3749239,1	sgbU,3749231,3750092,1	sgbE,3750085,3750781,1	lyxK,4115713,4117222,-1	sgbH,4422185,4422836,1	sgbU,4422845,4423700,1	sgbE,4423699,4424386,1	yiaL,4474861,4475314,1	
NC_004347:
NC_004757:
NC_003047:yiaO,1833356,1834367,-1	yiaN,1834414,1836283,-1	yiaO,1840497,1841475,1	yiaN,1842037,1843297,1	lyxK,2413875,2415453,-1	lyxK,2625526,2627110,-1	yiaK,2741370,2742411,-1	lyxK,2752648,2754196,1	lyxK,2754192,2755722,1	lyxK,2762141,2763575,-1	lyxK,3123302,3124757,-1	
NC_003062:yiaK,169336,170326,1	lyxK,1880192,1881662,1	yiaM,2739358,2739889,1	yiaN,2739893,2741171,1	yiaO,2741201,2742209,1	
NC_003143:lyxK,339165,340623,-1	lyxK,432672,434265,1	lyxK,1449943,1451497,1	yiaN,1798978,1800271,-1	yiaO,1800920,1801913,-1	sgbE,2505802,2506498,1	yiaL,2852845,2853313,1	yiaL,3373375,3373831,-1	lyxK,3693370,3694858,-1	sgbE,3710603,3711299,-1	sgbU,3718587,3719469,1	lyxK,3719479,3720976,1	yiaL,3854243,3854702,-1	lyxK,4057874,4059512,1	lyxK,4555286,4556741,1	
NC_005061:
NC_007086:
NC_004578:
NC_002488:
NC_004310:
NC_002928:yiaO,546117,547299,1	yiaN,727994,729287,-1	yiaN,1089227,1090514,-1	yiaO,1091049,1091916,-1	yiaN,1325384,1326683,-1	yiaM,1326679,1327261,-1	yiaK,1410831,1411902,-1	yiaN,1474977,1476270,-1	yiaN,1510237,1511536,-1	yiaO,1512102,1513110,-1	yiaN,1793818,1795096,-1	yiaO,1795722,1796709,-1	yiaN,2265464,2266745,-1	yiaM,2266744,2267257,-1	yiaO,2267335,2268394,-1	yiaO,2331522,2332530,1	yiaM,2332632,2333190,1	yiaN,2333207,2334494,1	yiaN,2438708,2439977,1	yiaO,2440005,2440989,1	yiaK,2745588,2746701,1	yiaN,2980074,2981361,1	yiaO,3246486,3247572,1	yiaN,3248208,3249369,1	yiaK,3793279,3794308,1	yiaO,3805474,3806530,1	yiaN,3807068,3808343,1	yiaN,3927394,3929497,-1	lyxK,4296961,4298488,1	yiaK,4385192,4386248,1	yiaK,4417787,4418795,1	
NC_002929:yiaN,65581,66775,-1	yiaO,67482,68664,-1	yiaN,241707,243810,1	yiaK,380845,381901,-1	yiaN,1952844,1954128,-1	yiaO,1954614,1955601,-1	yiaO,1988416,1989391,-1	yiaN,2021235,2022504,1	yiaO,2022532,2023516,1	yiaO,2492100,2493075,1	yiaN,2493701,2494979,1	yiaK,2671160,2672189,1	yiaM,2834319,2834901,1	yiaN,2834897,2836196,1	yiaO,2836275,2837304,1	yiaK,2954658,2955771,-1	lyxK,4032292,4033819,1	
NC_003197:sgbE,117240,117936,-1	yiaK,589979,591029,-1	sgbH,2893684,2894320,-1	lyxK,3130095,3131514,1	yiaL,3241813,3242287,-1	yiaK,3242325,3243333,-1	yiaO,3331596,3332580,1	yiaN,3333114,3334422,1	yiaL,3504440,3504908,-1	lyxK,3844912,3846367,-1	yiaK,3855638,3856637,1	yiaL,3856648,3857113,1	yiaM,3858207,3858681,1	yiaN,3858683,3859961,1	yiaO,3859972,3860959,1	lyxK,3860962,3862459,1	sgbH,3862455,3863118,1	sgbU,3863110,3863971,1	sgbE,3863964,3864660,1	yiaN,4263392,4264700,-1	yiaO,4265226,4266210,-1	lyxK,4280605,4282198,-1	lyxK,4294341,4295850,-1	sgbH,4627438,4628089,1	sgbU,4628098,4628953,1	sgbE,4628952,4629639,1	yiaL,4711220,4711673,1	
NC_004459:yiaN,32859,34221,-1	yiaM,34224,34905,-1	yiaO,34955,35954,-1	lyxK,1778315,1779833,-1	yiaL,3194228,3194711,1	
NC_004917:
NC_004603:
NC_000907:yiaN,50811,52068,-1	yiaM,52091,52589,-1	yiaO,52627,53614,-1	yiaO,161557,162547,1	yiaN,162557,164459,1	yiaL,257079,257547,-1	lyxK,643893,645306,-1	lyxK,735084,736596,1	sgbH,1089387,1090065,-1	sgbE,1090114,1090810,-1	sgbU,1090803,1091664,-1	lyxK,1091677,1093135,-1	yiaO,1093193,1094180,-1	yiaN,1094210,1095488,-1	yiaM,1095484,1095970,-1	yiaK,1096041,1097040,-1	lyxK,1179230,1180766,1	
NC_002163:
NC_003295:
NC_005090:
NC_004741:sgbE,63267,63963,-1	yiaK,775132,776218,1	yiaO,3029570,3030164,1	yiaN,3031475,3032777,1	yiaL,3346191,3346656,-1	lyxK,3640918,3642427,1	yiaN,4047373,4048666,-1	yiaK,4049912,4050911,-1	lyxK,4064183,4065638,1	yiaL,4403996,4404449,-1	sgbH,4518623,4519274,1	sgbU,4519283,4520138,1	sgbE,4520137,4520824,1	
NC_003112:
NC_003919:
NC_002947:
NC_005085:
NC_002663:yiaN,309411,310695,-1	yiaO,311388,312507,-1	sgbH,903098,903776,1	sgbE,1437590,1438286,-1	sgbU,1438279,1439140,-1	sgbH,1439164,1439809,-1	lyxK,1439827,1441279,-1	yiaO,1446072,1447059,-1	yiaN,1447078,1448359,-1	yiaM,1448355,1448838,-1	yiaL,1448834,1449311,-1	yiaK,1449320,1450319,-1	lyxK,1464004,1465573,-1	lyxK,1563118,1564588,-1	lyxK,1633235,1634744,1	yiaN,1851427,1852720,-1	yiaO,1853249,1854227,-1	yiaO,1859741,1860746,1	yiaN,1861326,1862607,1	yiaN,1915995,1917900,-1	yiaO,1917947,1918931,-1	yiaL,1921566,1922034,1	
NC_002927:yiaO,547458,548640,1	yiaN,549267,550539,1	yiaN,732379,733672,-1	yiaN,756889,758182,1	yiaO,1142342,1143347,1	yiaN,1143918,1145175,1	yiaN,1320370,1321657,-1	yiaO,1322192,1323215,-1	yiaN,1618880,1620161,-1	yiaM,1620160,1620673,-1	yiaO,1620751,1621813,-1	yiaO,1685093,1686101,1	yiaM,1686203,1686761,1	yiaN,1686778,1688065,1	yiaN,1831168,1832437,1	yiaO,1832465,1833449,1	yiaK,2134898,2136011,1	yiaO,2445793,2446822,-1	yiaN,2446901,2448200,-1	yiaM,2448196,2448778,-1	yiaK,2528893,2529964,-1	yiaN,2593011,2594304,-1	yiaN,2632595,2633894,-1	yiaO,2634460,2635468,-1	yiaN,2813302,2814586,-1	yiaO,2815072,2816068,-1	yiaN,3172874,3174173,1	yiaO,3174325,3175411,1	yiaN,3175910,3177212,1	yiaN,3204674,3205958,-1	yiaO,3666307,3667282,1	yiaN,3667908,3669186,1	yiaO,4203327,4204356,1	yiaN,4204894,4206169,1	yiaN,4325496,4327599,-1	lyxK,4731857,4733384,1	yiaK,4820358,4821414,1	yiaK,4852974,4853982,1	yiaK,4982154,4983225,-1	
NC_002678:
NC_004463:yiaO,1140403,1141399,-1	lyxK,1232142,1233597,1	lyxK,1536102,1537605,1	yiaO,2344127,2345195,1	yiaN,2345191,2347084,1	yiaO,3023070,3024072,1	yiaN,3024161,3026201,1	yiaO,3108180,3109176,1	yiaN,3109960,3111301,1	yiaK,3210650,3211724,-1	yiaO,4886134,4887118,-1	yiaN,4887141,4888407,-1	yiaO,4891944,4892967,-1	yiaO,4996476,4997496,1	yiaN,4997511,4999401,1	lyxK,6351164,6352610,-1	yiaN,6671149,6672442,-1	yiaO,6673045,6674017,-1	yiaK,6904097,6905147,-1	yiaO,7082560,7083565,-1	yiaN,7212595,7214455,-1	yiaO,7214456,7215611,-1	yiaN,7489431,7490721,-1	yiaN,7529597,7531004,-1	yiaO,7531695,7532688,-1	yiaN,7897387,7898692,-1	yiaK,8320004,8321057,1	yiaN,8595848,8597168,1	
